0  2.9753086            
1.0001588  2.9843567            
2.0003176  3            
3.0004765  3            
4.0006353  2.3620441            
5.0007941  2.755986            
6.0009529  3            
7.0011117  3.0441979            
8.0012705  3.0171148            
9.0014294  3.6782845            
10.001588  3.2586598            
11.001747  2.2760342            
12.001906  2.77124            
13.002065  3.0181583            
14.002223  3.6761567            
15.002382  3.9325567            
16.002541  3.3059149            
17.0027  3.0189885            
18.002859  3            
19.003018  3            
20.003176  3            
21.003335  3            
22.003494  3.6727391            
23.003653  3.2003487            
24.003812  2.307686            
25.00397  3.4730067            
26.004129  3.9446809            
27.004288  3.1965446            
28.004447  2.9787489            
29.004606  3            
30.004765  3.0576719            
31.004923  3.0218629            
32.005082  3            
33.005241  3.7274528            
34.0054  3.3324175            
35.005559  2.3555239            
36.005717  2.8120146            
37.005876  3.0230796            
38.006035  2.2717546            
39.006194  3.3938272            
40.006353  3.247753            
41.006512  3            
42.00667  3.0647546            
43.006829  3.0242874            
44.006988  3.0659386            
45.007147  3.7540428            
46.007306  3.203363            
47.007464  3.7045844            
48.007623  2.6086487            
49.007782  2.094389            
50.007941  2.8253289            
51.0081  3.095974            
52.008259  3.6151774            
53.008417  2.5574727            
54.008576  2.7572595            
55.008735  3            
56.008894  2.3419651            
57.009053  2.6846683            
58.009211  2.8984784            
59.00937  2.9725362            
60.009529  3.7317324            
61.009688  3.2681091            
62.009847  3.5787704            
63.010006  2.6335612            
64.010164  2.7892529            
65.010323  2.267475            
66.010482  2.7326835            
67.010641  2.9203736            
68.0108  3.0510023            
69.010958  2.2962574            
70.011117  2.8147391            
71.011276  2.3783484            
72.011435  3.4146466            
73.011594  2.5854427            
74.011753  2.6805161            
75.011911  2.9694241            
76.01207  2.3507502            
77.012229  2.8510065            
78.012388  3.7657377            
79.012547  3.9131793            
80.012705  3.2335623            
81.012864  3.735061            
82.013023  3.2647805            
83.013182  3.0892268            
84.013341  3.0322982            
85.0135  3.0904314            
86.013658  3.1237122            
87.013817  3.0328677            
88.013976  3.0922401            
89.014135  2.4826042            
90.014294  2.8033577            
91.014452  3            
92.014611  3.547494            
93.01477  3.1950367            
94.014929  3            
95.015088  3.7372801            
96.015247  3.8058511            
97.015405  2.5529857            
98.015564  2.7726924            
99.015723  3.6390226            
100.01588  3.9646902            
101.01604  2.723746            
102.0162  2.809753            
103.01636  3            
104.01652  3            
105.01668  2.8974677            
106.01683  3.7026011            
107.01699  2.6253837            
108.01715  2.6717759            
109.01731  2.9630245            
110.01747  3.5285111            
111.01763  3.185498            
112.01779  3.5263918            
113.01795  3.1844482            
114.01811  3            
115.01826  3.6318297            
116.01842  3.1119036            
117.01858  3.5924869            
118.01874  2.7004314            
119.0189  3.4487105            
120.01906  3.2197735            
121.01922  3            
122.01938  3.5157654            
123.01953  3.1792293            
124.01969  2.4863659            
125.01985  2.8218084            
126.02001  3.1153465            
127.02017  2.9242865            
128.02033  2.8430021            
129.02049  3.0765818            
130.02065  3.0407831            
131.02081  3            
132.02096  3            
133.02112  3.6236607            
134.02128  3.2150424            
135.02144  3            
136.0216  2.3777087            
137.02176  2.785965            
138.02192  3            
139.02208  2.3790803            
140.02223  2.1665082            
141.02239  2.6627374            
142.02255  3.0822748            
143.02271  3.662172            
144.02287  3.8303218            
145.02303  3.8295292            
146.02319  3.2110264            
147.02335  3            
148.02351  2.3832089            
149.02366  2.6604638            
150.02382  3.7016913            
151.02398  3.1230978            
152.02414  2.2090319            
153.0243  2.7464733            
154.02446  3            
155.02462  3.6135659            
156.02478  3.3415519            
157.02493  3.0455159            
158.02509  4.2243599            
159.02525  3.5491399            
160.02541  3.7936132            
161.02557  3.2522587            
162.02573  3.1375714            
163.02589  3.0465427            
164.02605  3.6094012            
165.0262  3.8136789            
166.02636  3.8128864            
167.02652  3.0634015            
168.02668  2.9526085            
169.02684  3.7490094            
170.027  3.2508321            
171.02716  2.3938521            
172.02732  3.403233            
173.02748  3.0576954            
174.02763  3.5563481            
175.02779  3.2014704            
176.02795  3.6038166            
177.02811  3.2008191            
178.02827  3.1475536            
179.02843  3.0492368            
180.02859  3            
181.02875  3            
182.0289  3            
183.02906  3.1506862            
184.02922  3.6501388            
185.02938  3.1982242            
186.02954  3            
187.0297  3.1531969            
188.02986  3.2045491            
189.03002  3.0508879            
190.03018  2.8449175            
191.03033  3.7012814            
192.03049  3.2473451            
193.03065  3            
194.03081  3            
195.03097  3.5949002            
196.03113  3.3535429            
197.03129  3.2116817            
198.03145  3.2124742            
199.0316  3.6455254            
200.03176  3.0320178            
201.03192  2.947164            
202.03208  3            
203.03224  4.3455173            
204.0324  2.8469236            
205.03256  3.3983639            
206.03272  3.3566662            
207.03288  2.4645744            
208.03303  3.2314504            
209.03319  3.7246933            
210.03335  3.1902186            
211.03351  3            
212.03367  2.244175            
213.03383  3.342353            
214.03399  3.7748455            
215.03415  3.3595202            
216.0343  3.2267396            
217.03446  3.0553773            
218.03462  3            
219.03478  3            
220.03494  2.591033            
221.0351  2.6945572            
222.03526  3.1191781            
223.03542  3.4082607            
224.03558  2.5318216            
225.03573  3.0406498            
226.03589  3.0716203            
227.03605  3            
228.03621  3.1791627            
229.03637  3.2370423            
230.03653  3.0573948            
231.03669  3            
232.03685  3.5772766            
233.037  3.3653502            
234.03716  3.058007            
235.03732  3.7594706            
236.03748  3.4246493            
237.03764  3.2433825            
238.0378  3.4297348            
239.03796  2.9313322            
240.03812  2.75424            
241.03828  3.5138691            
242.03843  3.7526549            
243.03859  3.1798916            
244.03875  3.5714869            
245.03891  3.7502774            
246.03907  3.1789664            
247.03923  3.5700339            
248.03939  3.1783508            
249.03955  3            
250.0397  3.7618482            
251.03986  3.2379933            
252.04002  3            
253.04018  3            
254.04034  3            
255.0405  3            
256.04066  2.8028619            
257.04082  3.5037248            
258.04097  3.175288            
259.04113  3.564199            
260.04129  3.7383896            
261.04145  3.1743741            
262.04161  3.5627346            
263.04177  4.4999207            
264.04193  4.1734624            
265.04209  3.2357743            
266.04225  3            
267.0424  3.2042537            
268.04256  3.6228475            
269.04272  3.7312569            
270.04288  3.3778455            
271.04304  3.2703281            
272.0432  3.8289577            
273.04336  4            
274.04352  3.4431455            
275.04367  3.0640503            
276.04383  3            
277.04399  3.7661278            
278.04415  3.4451135            
279.04431  3.0646173            
280.04447  3            
281.04463  3.9801158            
282.04479  3.851034            
283.04495  4.4872405            
284.0451  4.7193692            
285.04526  4.7185766            
286.04542  4.9344001            
287.04558  5.3331745            
288.04574  5.100372            
289.0459  5.3308773            
290.04606  5.4292281            
291.04622  6.524568            
292.04637  6.3041494            
293.04653  5.8104324            
294.04669  6.5835437            
295.04685  6.9636389            
296.04701  9.8533984            
297.04717  11.800033            
298.04733  12.573763            
299.04749  13.796458            
300.04765  16.973377            
301.0478  18.593517            
302.04796  21.58488            
303.04812  26.889349            
304.04828  29.761927            
305.04844  34.464974            
306.0486  37.64063            
307.04876  41.520764            
308.04892  44.814868            
309.04907  50.12498            
310.04923  54.188804            
311.04939  55.373296            
312.04955  59.11059            
313.04971  61.322121            
314.04987  58.261566            
315.05003  60.472157            
316.05019  52.724677            
317.05035  47.727963            
318.0505  40.760793            
319.05066  32.618278            
320.05082  21.965962            
321.05098  14.208005            
322.05114  9.8888962            
323.0513  5.9717071            
324.05146  5.0142658            
325.05162  7.610393            
326.05177  14.320384            
327.05193  24.857305            
328.05209  36.713029            
329.05225  54.455654            
330.05241  67.632289            
331.05257  85.258507            
332.05273  97.128098            
333.05289  103.34936            
334.05305  104.0199            
335.0532  104.36104            
336.05336  98.094266            
337.05352  85.040813            
338.05368  68.263772            
339.05384  53.803419            
340.054  39.593296            
341.05416  26.532355            
342.05432  16.690047            
343.05447  10.281171            
344.05463  5.8964602            
345.05479  5.531483            
346.05495  7.7475615            
347.05511  11.190855            
348.05527  13.045533            
349.05543  15.152613            
350.05559  15.667327            
351.05575  15.66627            
352.0559  14.106672            
353.05606  12.367952            
354.05622  9.6650024            
355.05638  8.7377266            
356.05654  7.6207144            
357.0567  7.5746094            
358.05686  8.1714623            
359.05702  8.8340287            
360.05717  10.53598            
361.05733  11.773936            
362.05749  12.758285            
363.05765  15.041913            
364.05781  16.697138            
365.05797  18.318055            
366.05813  18.719988            
367.05829  18.701435            
368.05844  19.984499            
369.0586  23.979862            
370.05876  26.017023            
371.05892  26.338907            
372.05908  29.241341            
373.05924  34.192798            
374.0594  39.490862            
375.05956  42.210572            
376.05972  46.879362            
377.05987  50.261133            
378.06003  53.771161            
379.06019  54.072459            
380.06035  50.296705            
381.06051  48.279341            
382.06067  42.742446            
383.06083  37.267524            
384.06099  30.114043            
385.06114  24.025721            
386.0613  21.674637            
387.06146  23.065383            
388.06162  23.686151            
389.06178  32.350372            
390.06194  45.134037            
391.0621  59.054272            
392.06226  80.293632            
393.06242  104.18159            
394.06257  131.4198            
395.06273  163.37116            
396.06289  186.65392            
397.06305  203.66965            
398.06321  210.88384            
399.06337  210.13815            
400.06353  203.46972            
401.06369  192.14461            
402.06384  173.49199            
403.064  150.55403            
404.06416  124.46227            
405.06432  100.85708            
406.06448  70.146826            
407.06464  45.528728            
408.0648  32.185002            
409.06496  20.744715            
410.06512  19.557823            
411.06527  28.380492            
412.06543  46.867098            
413.06559  72.920369            
414.06575  104.95925            
415.06591  139.09713            
416.06607  172.38635            
417.06623  202.1592            
418.06639  244.42951            
419.06654  269.78606            
420.0667  285.17834            
421.06686  284.78299            
422.06702  269.21415            
423.06718  241.52551            
424.06734  213.74905            
425.0675  180.82762            
426.06766  143.61449            
427.06782  110.5507            
428.06797  78.586226            
429.06813  47.656042            
430.06829  24.136084            
431.06845  10.116421            
432.06861  6.1821075            
433.06877  10.388776            
434.06893  21.410605            
435.06909  35.549358            
436.06924  52.51565            
437.0694  69.950756            
438.06956  90.349206            
439.06972  107.89609            
440.06988  122.88272            
441.07004  124.99639            
442.0702  126.56664            
443.07036  119.3232            
444.07052  111.10188            
445.07067  102.62459            
446.07083  90.547485            
447.07099  79.817949            
448.07115  64.697754            
449.07131  50.983357            
450.07147  40.215446            
451.07163  29.291731            
452.07179  25.412268            
453.07194  20.700702            
454.0721  16.54235            
455.07226  14.957204            
456.07242  13.623406            
457.07258  11.940952            
458.07274  11.378326            
459.0729  10.861089            
460.07306  9.3563968            
461.07321  8.3305123            
462.07337  6.1056898            
463.07353  3.8629567            
464.07369  2.7496122            
465.07385  2.5759233            
466.07401  3.2515948            
467.07417  4.3402879            
468.07433  6.9627516            
469.07449  9.84653            
470.07464  11.68045            
471.0748  16.326114            
472.07496  20.617768            
473.07512  25.527332            
474.07528  30.789681            
475.07544  36.649073            
476.0756  41.401496            
477.07576  52.806514            
478.07591  65.606966            
479.07607  78.448267            
480.07623  92.432487            
481.07639  107.43395            
482.07655  128.46905            
483.07671  148.92096            
484.07687  170.85354            
485.07703  179.64394            
486.07719  197.78            
487.07734  193.7057            
488.0775  191.51935            
489.07766  182.30869            
490.07782  168.36571            
491.07798  150.15099            
492.07814  123.91953            
493.0783  95.740166            
494.07846  67.436955            
495.07861  51.382549            
496.07877  41.699547            
497.07893  39.862809            
498.07909  55.314215            
499.07925  85.961982            
500.07941  133.72141            
501.07957  189.4634            
502.07973  245.69793            
503.07989  309.02008            
504.08004  377.75609            
505.0802  445.91846            
506.08036  505.45932            
507.08052  536.39498            
508.08068  560.0421            
509.08084  546.14544            
510.081  523.69862            
511.08116  481.2817            
512.08131  429.7232            
513.08147  361.19882            
514.08163  267.06846            
515.08179  178.95055            
516.08195  118.04956            
517.08211  66.527609            
518.08227  32.628565            
519.08243  25.567857            
520.08259  42.975828            
521.08274  75.273364            
522.0829  134.28497            
523.08306  198.95013            
524.08322  269.55196            
525.08338  358.2303            
526.08354  424.42196            
527.0837  494.12573            
528.08386  534.00056            
529.08401  542.04446            
530.08417  547.63901            
531.08433  518.77803            
532.08449  488.19022            
533.08465  432.6633            
534.08481  358.33406            
535.08497  276.36342            
536.08513  206.06611            
537.08529  143.29634            
538.08544  90.458416            
539.0856  49.553439            
540.08576  20.658216            
541.08592  9.0579365            
542.08608  11.163531            
543.08624  25.376397            
544.0864  42.741607            
545.08656  66.790523            
546.08671  98.760089            
547.08687  123.00252            
548.08703  139.04128            
549.08719  151.00136            
550.08735  156.40552            
551.08751  155.52364            
552.08767  146.65175            
553.08783  131.28425            
554.08799  111.89375            
555.08814  95.080684            
556.0883  82.739148            
557.08846  73.649667            
558.08862  59.463084            
559.08878  50.027312            
560.08894  47.287687            
561.0891  44.971321            
562.08926  43.68703            
563.08941  44.309716            
564.08957  42.874227            
565.08973  39.254968            
566.08989  42.17456            
567.09005  40.979296            
568.09021  41.756528            
569.09037  44.869029            
570.09053  43.908584            
571.09068  48.403646            
572.09084  52.436669            
573.091  57.915683            
574.09116  59.419017            
575.09132  67.626566            
576.09148  68.218674            
577.09164  69.633898            
578.0918  72.446587            
579.09196  71.837711            
580.09211  63.434538            
581.09227  62.02631            
582.09243  58.537711            
583.09259  70.676804            
584.09275  82.681264            
585.09291  109.62084            
586.09307  147.10127            
587.09323  189.67771            
588.09338  254.42202            
589.09354  351.51418            
590.0937  433.35505            
591.09386  521.72897            
592.09402  612.98393            
593.09418  688.28983            
594.09434  749.2005            
595.0945  813.11372            
596.09466  822.02462            
597.09481  819.02786            
598.09497  771.22385            
599.09513  714.03823            
600.09529  594.79335            
601.09545  482.47302            
602.09561  355.32116            
603.09577  241.92013            
604.09593  164.75399            
605.09608  105.24164            
606.09624  88.489393            
607.0964  118.75797            
608.09656  190.47805            
609.09672  345.03663            
610.09688  526.13126            
611.09704  758.32363            
612.0972  974.30718            
613.09736  1020.24            
614.09751  1022            
615.09767  1022            
616.09783  1022            
617.09799  1022            
618.09815  1022            
619.09831  1022            
620.09847  1022            
621.09863  1022            
622.09878  1022            
623.09894  880.27291            
624.0991  661.9951            
625.09926  431.41332            
626.09942  234.59573            
627.09958  104.27191            
628.09974  46.148171            
629.0999  56.998732            
630.10006  133.72205            
631.10021  259.80679            
632.10037  457.81744            
633.10053  673.57559            
634.10069  894.69912            
635.10085  1006.4181            
636.10101  1022            
637.10117  1022            
638.10133  1022            
639.10148  1022            
640.10164  1022            
641.1018  1022            
642.10196  1022            
643.10212  988.93113            
644.10228  846.4024            
645.10244  666.50345            
646.1026  482.12467            
647.10276  318.33843            
648.10291  194.41633            
649.10307  102.83474            
650.10323  48.232227            
651.10339  25.235235            
652.10355  29.797577            
653.10371  52.640946            
654.10387  84.935611            
655.10403  120.27377            
656.10418  154.45231            
657.10434  176.47189            
658.1045  183.68857            
659.10466  192.36495            
660.10482  181.82215            
661.10498  162.92959            
662.10514  142.63573            
663.1053  122.9168            
664.10545  109.73355            
665.10561  98.229346            
666.10577  95.352802            
667.10593  104.47065            
668.10609  121.72352            
669.10625  138.51906            
670.10641  171.45606            
671.10657  193.5864            
672.10673  231.93117            
673.10688  268.24674            
674.10704  323.33974            
675.1072  375.43695            
676.10736  449.77587            
677.10752  525.64994            
678.10768  631.59615            
679.10784  759.63362            
680.108  870.54199            
681.10815  984.0163            
682.10831  1018.8614            
683.10847  1022            
684.10863  1022            
685.10879  1022            
686.10895  1022            
687.10911  1022            
688.10927  922.87734            
689.10943  789.74858            
690.10958  623.56264            
691.10974  510.63439            
692.1099  431.57703            
693.11006  470.94752            
694.11022  652.70092            
695.11038  939.69489            
696.11054  1016.7371            
697.1107  1022            
698.11085  1022            
699.11101  1022            
700.11117  1022            
701.11133  1022            
702.11149  1022            
703.11165  1022            
704.11181  1022            
705.11197  1022            
706.11213  1022            
707.11228  1022            
708.11244  1022            
709.1126  1022            
710.11276  1022            
711.11292  1022            
712.11308  1022            
713.11324  1022            
714.1134  969.81569            
715.11355  850.83623            
716.11371  990.39959            
717.11387  1022            
718.11403  1022            
719.11419  1022            
720.11435  1022            
721.11451  1022            
722.11467  1022            
723.11483  1022            
724.11498  1022            
725.11514  1022            
726.1153  1022            
727.11546  1022            
728.11562  1022            
729.11578  1022            
730.11594  1022            
731.1161  1022            
732.11625  1022            
733.11641  1022            
734.11657  1022            
735.11673  1022            
736.11689  1022            
737.11705  936.13125            
738.11721  1005.5794            
739.11737  1022            
740.11753  1022            
741.11768  1022            
742.11784  1022            
743.118  1022            
744.11816  1022            
745.11832  1022            
746.11848  1022            
747.11864  1022            
748.1188  1022            
749.11895  1022            
750.11911  1022            
751.11927  1022            
752.11943  1022            
753.11959  1022            
754.11975  1022            
755.11991  1022            
756.12007  1022            
757.12023  1022            
758.12038  1022            
759.12054  937.92382            
760.1207  1006.3377            
761.12086  1022            
762.12102  1022            
763.12118  1022            
764.12134  1022            
765.1215  1022            
766.12165  1022            
767.12181  1022            
768.12197  1022            
769.12213  1022            
770.12229  1022            
771.12245  1022            
772.12261  1022            
773.12277  1022            
774.12292  1022            
775.12308  1022            
776.12324  1022            
777.1234  1022            
778.12356  1022            
779.12372  1022            
780.12388  1022            
781.12404  882.06701            
782.1242  996.60716            
783.12435  1022            
784.12451  1022            
785.12467  1022            
786.12483  1022            
787.12499  1022            
788.12515  1022            
789.12531  1022            
790.12547  1022            
791.12562  1022            
792.12578  1022            
793.12594  1022            
794.1261  1022            
795.12626  1022            
796.12642  1022            
797.12658  1022            
798.12674  1022            
799.1269  1022            
800.12705  1022            
801.12721  1022            
802.12737  1022            
803.12753  453.47087            
804.12769  755.66964            
805.12785  992.71671            
806.12801  1022            
807.12817  1022            
808.12832  1022            
809.12848  1022            
810.12864  1022            
811.1288  1022            
812.12896  1022            
813.12912  1022            
814.12928  1022            
815.12944  1022            
816.1296  1022            
817.12975  1022            
818.12991  1022            
819.13007  1022            
820.13023  1022            
821.13039  1022            
822.13055  1022            
823.13071  1022            
824.13087  694.92679            
825.13102  237.02917            
826.13118  307.93942            
827.13134  903.19362            
828.1315  1018.9753            
829.13166  1022            
830.13182  1022            
831.13198  1022            
832.13214  1022            
833.1323  1022            
834.13245  1022            
835.13261  1022            
836.13277  1022            
837.13293  1022            
838.13309  1022            
839.13325  1022            
840.13341  1022            
841.13357  1022            
842.13372  1022            
843.13388  1022            
844.13404  1022            
845.1342  702.39385            
846.13436  327.9886            
847.13452  111.85256            
848.13468  76.212911            
849.13484  186.84785            
850.135  378.71547            
851.13515  654.32553            
852.13531  894.66514            
853.13547  1008.5651            
854.13563  1022            
855.13579  1022            
856.13595  1022            
857.13611  1022            
858.13627  1022            
859.13642  1022            
860.13658  1011.8745            
861.13674  854.81782            
862.1369  683.91568            
863.13706  534.66601            
864.13722  402.04407            
865.13738  295.68533            
866.13754  214.80178            
867.13769  157.42216            
868.13785  125.32877            
869.13801  97.846261            
870.13817  85.418608            
871.13833  76.901445            
872.13849  72.293289            
873.13865  65.721816            
874.13881  67.968372            
875.13897  68.926218            
876.13912  73.736124            
877.13928  79.878939            
878.13944  96.259621            
879.1396  112.95765            
880.13976  129.46865            
881.13992  139.23343            
882.14008  151.26396            
883.14024  154.91685            
884.14039  143.98769            
885.14055  128.22583            
886.14071  101.87228            
887.14087  76.522509            
888.14103  58.505484            
889.14119  46.465692            
890.14135  55.332367            
891.14151  98.767926            
892.14167  164.69699            
893.14182  275.28009            
894.14198  414.62663            
895.14214  572.46229            
896.1423  746.25676            
897.14246  943.10239            
898.14262  1014.9863            
899.14278  1022            
900.14294  1022            
901.14309  1022            
902.14325  1022            
903.14341  1022            
904.14357  1022            
905.14373  1022            
906.14389  997.88778            
907.14405  811.14184            
908.14421  591.15532            
909.14437  379.86009            
910.14452  200.25059            
911.14468  87.242495            
912.14484  41.573355            
913.145  65.870221            
914.14516  171.41072            
915.14532  351.87183            
916.14548  593.0022            
917.14564  851.68657            
918.14579  1004.0271            
919.14595  1022            
920.14611  1022            
921.14627  1022            
922.14643  1022            
923.14659  1022            
924.14675  1022            
925.14691  1022            
926.14707  1022            
927.14722  1022            
928.14738  1022            
929.14754  892.11355            
930.1477  638.16722            
931.14786  396.93679            
932.14802  210.38785            
933.14818  88.734772            
934.14834  28.255348            
935.14849  35.32091            
936.14865  92.932868            
937.14881  202.73381            
938.14897  358.52576            
939.14913  522.60581            
940.14929  684.40337            
941.14945  822.10965            
942.14961  942.33021            
943.14977  1013.7209            
944.14992  1022            
945.15008  1022            
946.15024  1002.3346            
947.1504  920.81484            
948.15056  806.45605            
949.15072  676.13018            
950.15088  536.30751            
951.15104  405.85646            
952.15119  287.05997            
953.15135  189.62553            
954.15151  106.18023            
955.15167  51.041247            
956.15183  19.71123            
957.15199  8.6370897            
958.15215  15.098479            
959.15231  28.74605            
960.15247  50.733337            
961.15262  65.80289            
962.15278  89.413695            
963.15294  106.94069            
964.1531  111.62506            
965.15326  119.1794            
966.15342  106.89629            
967.15358  94.086283            
968.15374  82.390292            
969.15389  70.53462            
970.15405  57.20486            
971.15421  41.6599            
972.15437  31.391315            
973.15453  27.397011            
974.15469  22.616976            
975.15485  17.040568            
976.15501  16.042079            
977.15516  17.604922            
978.15532  18.42492            
979.15548  22.301086            
980.15564  27.367236            
981.1558  32.095444            
982.15596  39.98239            
983.15612  56.65934            
984.15628  65.860913            
985.15644  84.259269            
986.15659  97.072825            
987.15675  110.3402            
988.15691  127.61799            
989.15707  133.77015            
990.15723  138.57488            
991.15739  131.16509            
992.15755  130.70287            
993.15771  119.21384            
994.15786  95.218819            
995.15802  70.020381            
996.15818  51.158345            
997.15834  30.650566            
998.1585  17.522946            
999.15866  14.457034            
1000.1588  23.928356            
1001.159  48.28046            
1002.1591  89.369787            
1003.1593  138.95994            
1004.1595  201.66435            
1005.1596  278.24781            
1006.1598  352.20035            
1007.1599  409.16453            
1008.1601  479.65458            
1009.1602  543.51915            
1010.1604  579.72899            
1011.1606  581.31106            
1012.1607  563.46623            
1013.1609  518.1026            
1014.161  467.33555            
1015.1612  387.85021            
1016.1614  308.65617            
1017.1615  216.54211            
1018.1617  146.44366            
1019.1618  85.255298            
1020.162  39.134661            
1021.1622  17.489031            
1022.1623  19.629695            
1023.1625  49.320536            
1024.1626  98.603033            
1025.1628  166.2412            
1026.1629  248.52181            
1027.1631  347.29014            
1028.1633  426.17626            
1029.1634  508.4123            
1030.1636  575.79663            
1031.1637  604.03178            
1032.1639  635.67894            
1033.1641  625.10365            
1034.1642  598.10576            
1035.1644  538.89802            
1036.1645  478.74462            
1037.1647  391.71452            
1038.1649  327.84445            
1039.165  231.33756            
1040.1652  150.80089            
1041.1653  94.472609            
1042.1655  43.167142            
1043.1656  17.834445            
1044.1658  8.825535            
1045.166  11.654659            
1046.1661  32.539864            
1047.1663  66.200824            
1048.1664  104.33207            
1049.1666  141.332            
1050.1668  167.76408            
1051.1669  202.05914            
1052.1671  223.77936            
1053.1672  246.75263            
1054.1674  239.54723            
1055.1676  217.8234            
1056.1677  206.99356            
1057.1679  183.49188            
1058.168  166.63346            
1059.1682  135.52227            
1060.1683  103.50099            
1061.1685  71.078121            
1062.1687  48.354633            
1063.1688  30.33059            
1064.169  19.225636            
1065.1691  9.3690654            
1066.1693  5.3589581            
1067.1695  3.3053977            
1068.1696  3.9021405            
1069.1698  4.8916627            
1070.1699  5.7197898            
1071.1701  9.2059566            
1072.1703  7.3672886            
1073.1704  10.243558            
1074.1706  6.497597            
1075.1707  5.1899414            
1076.1709  4.11706            
1077.171  3.9188309            
1078.1712  3.9098906            
1079.1714  3.1769996            
1080.1715  3.8237542            
1081.1717  3.9906622            
1082.1718  3.1062767            
1083.172  3.8938818            
1084.1722  4            
1085.1723  4.075615            
1086.1725  7.4364395            
1087.1726  11.337886            
1088.1728  13.76338            
1089.173  18.838324            
1090.1731  32.395052            
1091.1733  44.519113            
1092.1734  54.45741            
1093.1736  77.155551            
1094.1737  87.958954            
1095.1739  101.3237            
1096.1741  121.99351            
1097.1742  134.48579            
1098.1744  135.868            
1099.1745  142.02481            
1100.1747  136.05976            
1101.1749  126.51355            
1102.175  106.85414            
1103.1752  85.864876            
1104.1753  70.049805            
1105.1755  49.574575            
1106.1757  31.130103            
1107.1758  15.622443            
1108.176  8.5601528            
1109.1761  9.6127519            
1110.1763  20.641845            
1111.1764  38.825258            
1112.1766  67.143725            
1113.1768  105.73392            
1114.1769  144.75136            
1115.1771  191.68192            
1116.1772  222.25249            
1117.1774  264.74021            
1118.1776  289.5469            
1119.1777  305.61349            
1120.1779  314.31391            
1121.178  300.22476            
1122.1782  284.89657            
1123.1784  262.87008            
1124.1785  218.8037            
1125.1787  178.42308            
1126.1788  136.31104            
1127.179  92.880622            
1128.1791  57.64791            
1129.1793  31.674351            
1130.1795  11.982149            
1131.1796  8.0763971            
1132.1798  14.212259            
1133.1799  31.09753            
1134.1801  62.421448            
1135.1803  89.582188            
1136.1804  132.30133            
1137.1806  173.53591            
1138.1807  209.23808            
1139.1809  224.96729            
1140.1811  245.24806            
1141.1812  257.61016            
1142.1814  260.81536            
1143.1815  237.37922            
1144.1817  228.72723            
1145.1818  190.48616            
1146.182  165.45273            
1147.1822  129.89169            
1148.1823  94.856447            
1149.1825  65.251058            
1150.1826  41.300434            
1151.1828  24.648311            
1152.183  10.34452            
1153.1831  5.3800919            
1154.1833  5.0270436            
1155.1834  11.339813            
1156.1836  22.686105            
1157.1838  32.913417            
1158.1839  46.571425            
1159.1841  55.073331            
1160.1842  64.862242            
1161.1844  66.887996            
1162.1845  66.050927            
1163.1847  66.861071            
1164.1849  66.049374            
1165.185  60.554785            
1166.1852  49.189446            
1167.1853  43.54232            
1168.1855  34.874854            
1169.1857  26.775876            
1170.1858  20.572756            
1171.186  15.477255            
1172.1861  8.7305729            
1173.1863  8.0081676            
1174.1865  4.3795189            
1175.1866  4.9216992            
1176.1868  5.001137            
1177.1869  4.0912189            
1178.1871  3.110798            
1179.1872  3.9017779            
1180.1874  4.0160207            
1181.1876  4.0015363            
1182.1877  5.8191472            
1183.1879  6.9034596            
1184.188  7.0050026            
1185.1882  9.730625            
1186.1884  10.004112            
1187.1885  10.000334            
1188.1887  9.9973301            
1189.1888  10.912441            
1190.189  9.1821183            
1191.1892  9.9101375            
1192.1893  6.3555186            
1193.1895  4.1783959            
1194.1896  4.0001614            
1195.1898  3.0955184            
1196.1899  4.8244871            
1197.1901  7.7435146            
1198.1903  13.468982            
1199.1904  21.297638            
1200.1906  29.281408            
1201.1907  38.224786            
1202.1909  54.510617            
1203.1911  71.469505            
1204.1912  83.88044            
1205.1914  96.7779            
1206.1915  114.23529            
1207.1917  111.32378            
1208.1919  118.07638            
1209.192  121.50612            
1210.1922  118.00461            
1211.1923  102.24582            
1212.1925  85.261976            
1213.1926  67.367536            
1214.1928  44.915734            
1215.193  29.27479            
1216.1931  17.020447            
1217.1933  7.7822575            
1218.1934  6.1246409            
1219.1936  14.222797            
1220.1938  25.090207            
1221.1939  40.69657            
1222.1941  61.282216            
1223.1942  88.586016            
1224.1944  113.75861            
1225.1946  132.36085            
1226.1947  157.39535            
1227.1949  172.17878            
1228.195  169.17364            
1229.1952  167.68629            
1230.1953  162.18332            
1231.1955  152.34371            
1232.1957  133.43204            
1233.1958  110.66746            
1234.196  94.141819            
1235.1961  70.89154            
1236.1963  54.142955            
1237.1965  37.24251            
1238.1966  27.755683            
1239.1968  18.701141            
1240.1969  13.473395            
1241.1971  12.231024            
1242.1973  16.681598            
1243.1974  19.876412            
1244.1976  24.683242            
1245.1977  32.363271            
1246.1979  36.71845            
1247.198  46.121646            
1248.1982  46.869712            
1249.1984  56.023913            
1250.1985  53.346396            
1251.1987  58.353755            
1252.1988  58.720849            
1253.199  57.001062            
1254.1992  54.964434            
1255.1993  49.364889            
1256.1995  46.181122            
1257.1996  43.374612            
1258.1998  44.565042            
1259.2  39.296804            
1260.2001  32.583669            
1261.2003  32.67316            
1262.2004  27.393436            
1263.2006  24.228379            
1264.2007  21.890546            
1265.2009  17.310306            
1266.2011  15.09534            
1267.2012  12.171184            
1268.2014  12.751085            
1269.2015  10.102691            
1270.2017  8.9523696            
1271.2019  8.0667267            
1272.202  7.0173686            
1273.2022  5.1471081            
1274.2023  5.8638786            
1275.2025  4.1463745            
1276.2027  5.7254191            
1277.2028  3.2784223            
1278.203  4.7282231            
1279.2031  4.0006721            
1280.2033  2.2740219            
1281.2034  2.9358437            
1282.2036  2.9337726            
1283.2038  2.0690329            
1284.2039  2.0677175            
1285.2041  2.0054791            
1286.2042  2.926058            
1287.2044  3            
1288.2046  3.0707005            
1289.2047  3.7893049            
1290.2049  3.0618859            
1291.205  2.9270596            
1292.2052  3.921207            
1293.2054  3.0728325            
1294.2055  3.927326            
1295.2057  3.0725155            
1296.2058  3.8509644            
1297.206  4.6894952            
1298.2061  3.1258729            
1299.2063  3.9281186            
1300.2065  2.2231197            
1301.2066  2.9346346            
1302.2068  3.0811729            
1303.2069  3.0062845            
1304.2071  3            
1305.2073  2.9165766            
1306.2074  2.9935891            
1307.2076  2.9150751            
1308.2077  3.0791823            
1309.2079  2.9201074            
1310.2081  2.1507413            
1311.2082  2.8487059            
1312.2084  2.0631642            
1313.2085  3.0197733            
1314.2087  3.0067367            
1315.2088  3            
1316.209  2.1608813            
1317.2092  2.8453784            
1318.2093  2.0619763            
1319.2095  3.6746663            
1320.2096  3.0546119            
1321.2098  3.0954641            
1322.21  2.9108276            
1323.2101  3.827865            
1324.2103  2.9630686            
1325.2104  3.9250813            
1326.2106  2.2344437            
1327.2108  3.7723492            
1328.2109  2.2280537            
1329.2111  2.0073042            
1330.2112  2.9330322            
1331.2114  2.8969778            
1332.2115  2.0592399            
1333.2117  2.9335077            
1334.2119  3            
1335.212  2.0661753            
1336.2122  2.9339832            
1337.2123  3.8265725            
1338.2125  3.0580822            
1339.2127  2.8909132            
1340.2128  2.1675444            
1341.213  3.7666635            
1342.2131  3.1686806            
1343.2133  3.0077829            
1344.2135  2.0647488            
1345.2136  2.1136458            
1346.2138  3.764609            
1347.2139  3.0563626            
1348.2141  3            
1349.2142  3.8193536            
1350.2144  3.055794            
1351.2146  3            
1352.2147  2.0634807            
1353.2149  3.6338784            
1354.215  3.7427485            
1355.2152  2.9254329            
1356.2154  2.1766909            
1357.2155  2.9455241            
1358.2157  2.0625297            
1359.2158  2.1243187            
1360.216  2.1333809            
1361.2162  2.8204244            
1362.2163  3.9297505            
1363.2165  2.2508515            
1364.2166  2.9468299            
1365.2168  2.8710922            
1366.2169  2.9915376            
1367.2171  2.8695605            
1368.2173  3.1226905            
1369.2174  2.0693275            
1370.2176  1.3261057            
1371.2177  2.7627408            
1372.2179  3.7967982            
1373.2181  3.0515093            
1374.2182  2.8641915            
1375.2184  2.8547313            
1376.2185  3.6569174            
1377.2187  2.1015554            
1378.2189  2.9406404            
1379.219  3            
1380.2192  2.1994629            
1381.2193  2.2912135            
1382.2195  1.8757541            
1383.2196  2.9325536            
1384.2198  2.8565002            
1385.22  3.788556            
1386.2201  3.1941874            
1387.2203  3.0089668            
1388.2204  2.8534167            
1389.2206  3.1383458            
1390.2208  2.214614            
1391.2209  2.9517512            
1392.2211  3            
1393.2212  3.7925745            
1394.2214  3.0477133            
1395.2216  3            
1396.2217  2.8472375            
1397.2219  2.200716            
1398.222  2.7986874            
1399.2222  2.8357109            
1400.2223  2.9907765            
1401.2225  2.2123467            
1402.2227  2.1666667            
