0  1            
0.99952303  1            
1.9990461  1            
2.9985691  1            
3.9980921  1            
4.9976152  1            
5.9971382  1            
6.9966612  1            
7.9961842  1            
8.9957073  1            
9.9952303  1            
10.994753  1            
11.994276  1            
12.993799  1            
13.993322  1            
14.992845  1            
15.992368  1            
16.991892  1            
17.991415  1            
18.990938  1            
19.990461  1            
20.989984  1            
21.989507  1            
22.98903  1            
23.988553  1            
24.988076  1            
25.987599  1            
26.987122  1            
27.986645  1            
28.986168  1            
29.985691  1            
30.985214  1            
31.984737  1            
32.98426  1            
33.983783  1            
34.983306  1            
35.982829  1            
36.982352  1            
37.981875  1            
38.981398  1            
39.980921  1            
40.980444  1            
41.979967  1            
42.97949  1            
43.979013  1            
44.978536  1            
45.978059  1            
46.977582  1            
47.977105  1            
48.976629  1            
49.976152  1            
50.975675  1            
51.975198  1            
52.974721  1            
53.974244  1            
54.973767  1            
55.97329  1            
56.972813  1            
57.972336  1            
58.971859  1            
59.971382  1            
60.970905  1            
61.970428  1            
62.969951  1            
63.969474  1            
64.968997  1            
65.96852  1            
66.968043  1            
67.967566  1            
68.967089  1            
69.966612  1            
70.966135  1            
71.965658  1            
72.965181  1            
73.964704  1            
74.964227  1            
75.96375  1            
76.963273  1            
77.962796  1            
78.962319  1            
79.961842  1            
80.961366  1            
81.960889  1            
82.960412  1            
83.959935  1            
84.959458  1            
85.958981  1            
86.958504  1            
87.958027  1            
88.95755  1            
89.957073  1            
90.956596  1            
91.956119  1            
92.955642  1            
93.955165  1            
94.954688  1            
95.954211  1            
96.953734  1            
97.953257  1            
98.95278  1            
99.952303  1            
100.95183  1            
101.95135  1            
102.95087  1            
103.9504  1            
104.94992  1            
105.94944  1            
106.94896  1            
107.94849  1            
108.94801  1            
109.94753  1            
110.94706  1            
111.94658  1            
112.9461  1            
113.94563  1            
114.94515  1            
115.94467  1            
116.94419  1            
117.94372  1            
118.94324  1            
119.94276  1            
120.94229  1            
121.94181  1            
122.94133  1            
123.94086  1            
124.94038  1            
125.9399  1            
126.93942  1            
127.93895  1            
128.93847  1            
129.93799  1            
130.93752  1            
131.93704  1            
132.93656  1            
133.93609  1            
134.93561  1            
135.93513  1            
136.93466  1            
137.93418  1            
138.9337  1            
139.93322  1            
140.93275  1            
141.93227  1            
142.93179  1            
143.93132  1            
144.93084  1            
145.93036  1            
146.92989  1            
147.92941  1            
148.92893  1            
149.92845  1            
150.92798  1            
151.9275  1            
152.92702  1            
153.92655  1            
154.92607  1            
155.92559  1            
156.92512  1            
157.92464  1            
158.92416  1            
159.92368  1            
160.92321  1            
161.92273  1            
162.92225  1            
163.92178  1            
164.9213  1            
165.92082  1            
166.92035  1            
167.91987  1            
168.91939  1            
169.91892  1            
170.91844  1            
171.91796  1            
172.91748  1            
173.91701  1            
174.91653  1            
175.91605  1            
176.91558  1            
177.9151  1            
178.91462  1            
179.91415  1            
180.91367  1            
181.91319  1            
182.91271  1            
183.91224  1            
184.91176  1            
185.91128  1            
186.91081  1            
187.91033  1            
188.90985  1            
189.90938  1            
190.9089  1            
191.90842  1            
192.90795  1            
193.90747  1            
194.90699  1            
195.90651  1            
196.90604  1            
197.90556  1            
198.90508  1            
199.90461  1            
200.90413  1            
201.90365  1            
202.90318  1            
203.9027  1            
204.90222  1            
205.90174  1            
206.90127  1            
207.90079  1            
208.90031  1            
209.89984  1            
210.89936  1            
211.89888  1            
212.89841  1            
213.89793  1            
214.89745  1            
215.89697  1            
216.8965  1            
217.89602  1            
218.89554  1            
219.89507  1            
220.89459  1            
221.89411  1            
222.89364  1            
223.89316  1            
224.89268  1            
225.89221  1            
226.89173  1            
227.89125  1            
228.89077  1            
229.8903  1            
230.88982  1            
231.88934  1            
232.88887  1            
233.88839  1            
234.88791  1            
235.88744  1            
236.88696  1            
237.88648  1            
238.886  1            
239.88553  1            
240.88505  1            
241.88457  1            
242.8841  1            
243.88362  1            
244.88314  1            
245.88267  1            
246.88219  1            
247.88171  1            
248.88123  1            
249.88076  1            
250.88028  1            
251.8798  1            
252.87933  1            
253.87885  1            
254.87837  1            
255.8779  1            
256.87742  1            
257.87694  1            
258.87647  1            
259.87599  1            
260.87551  1            
261.87503  1            
262.87456  1            
263.87408  1            
264.8736  1            
265.87313  1            
266.87265  1            
267.87217  1            
268.8717  1            
269.87122  1            
270.87074  1            
271.87026  1            
272.86979  1            
273.86931  1            
274.86883  1            
275.86836  1            
276.86788  1            
277.8674  1            
278.86693  1            
279.86645  1            
280.86597  1            
281.86549  1            
282.86502  1            
283.86454  1            
284.86406  1            
285.86359  1            
286.86311  1            
287.86263  1            
288.86216  1            
289.86168  1            
290.8612  1            
291.86073  1            
292.86025  1            
293.85977  1            
294.85929  1            
295.85882  1            
296.85834  1            
297.85786  1            
298.85739  1            
299.85691  1            
300.85643  1            
301.85596  1            
302.85548  1            
303.855  1            
304.85452  1            
305.85405  1            
306.85357  1            
307.85309  1            
308.85262  1            
309.85214  1            
310.85166  1            
311.85119  1            
312.85071  1            
313.85023  1            
314.84975  1            
315.84928  1            
316.8488  1            
317.84832  1            
318.84785  1            
319.84737  1            
320.84689  1            
321.84642  1            
322.84594  1            
323.84546  1            
324.84499  1            
325.84451  1            
326.84403  1            
327.84355  1            
328.84308  1            
329.8426  1            
330.84212  1            
331.84165  1            
332.84117  1            
333.84069  1            
334.84022  1.2286785            
335.83974  2            
336.83926  2            
337.83878  1.8320758            
338.83831  1.4298428            
339.83783  2            
340.83735  2            
341.83688  2            
342.8364  1.835635            
343.83592  1.4342619            
344.83545  2            
345.83497  1.8377523            
346.83449  1.2753866            
347.83401  1.4378246            
348.83354  1.8398558            
349.83306  1.2181102            
350.83258  1            
351.83211  1            
352.83163  1            
353.83115  1            
354.83068  1            
355.8302  1            
356.82972  1            
357.82925  1            
358.82877  1            
359.82829  1            
360.82781  1            
361.82734  1            
362.82686  1            
363.82638  1            
364.82591  1            
365.82543  1            
366.82495  1            
367.82448  1            
368.824  1            
369.82352  1            
370.82304  1            
371.82257  1            
372.82209  1            
373.82161  1            
374.82114  1            
375.82066  1            
376.82018  1            
377.81971  1            
378.81923  1            
379.81875  1            
380.81827  1            
381.8178  1            
382.81732  1            
383.81684  1.0686276            
384.81637  1.2671696            
385.81589  1            
386.81541  1.0691225            
387.81494  1.4747933            
388.81446  2            
389.81398  2            
390.81351  2            
391.81303  2.069917            
392.81255  2.2786454            
393.81207  2            
394.8116  2            
395.81112  2            
396.81064  2            
397.81017  2            
398.80969  2            
399.80921  2            
400.80874  2            
401.80826  1.8033636            
402.80778  1            
403.8073  1.0716682            
404.80683  1.2960421            
405.80635  1            
406.80587  1            
407.8054  1            
408.80492  1            
409.80444  1            
410.80397  1            
411.80349  1            
412.80301  1            
413.80253  1            
414.80206  1            
415.80158  1            
416.8011  1            
417.80063  1.1889845            
418.80015  1.8850421            
419.79967  1.5797864            
420.7992  2.5071291            
421.79872  3            
422.79824  3.1865933            
423.79777  4            
424.79729  4.0742044            
425.79681  4.4013231            
426.79633  4.4029173            
427.79586  4.4045114            
428.79538  4.5898294            
429.7949  5.4076997            
430.79443  5.4092938            
431.79395  5.4108879            
432.79347  5.4124821            
433.793  5.4140762            
434.79252  5.2348159            
435.79204  4.4172645            
436.79156  4.4188586            
437.79109  4.4204527            
438.79061  4.3465252            
439.79013  3.8971411            
440.78966  3.4252351            
441.78918  3.3510642            
442.7887  2.8988146            
443.78823  2.3540978            
444.78775  2            
445.78727  2            
446.78679  1.9010247            
447.78632  1.3601834            
448.78584  1            
449.78536  1            
450.78489  1            
451.78441  1            
452.78393  1            
453.78346  1            
454.78298  1            
455.7825  1            
456.78203  1            
457.78155  1            
458.78107  1            
459.78059  1            
460.78012  1            
461.77964  1            
462.77916  1            
463.77869  1            
464.77821  1            
465.77773  1            
466.77726  1            
467.77678  1            
468.7763  1            
469.77582  1            
470.77535  1            
471.77487  1            
472.77439  1            
473.77392  1            
474.77344  1            
475.77296  1            
476.77249  1            
477.77201  1            
478.77153  1            
479.77105  1            
480.77058  1            
481.7701  1            
482.76962  1.0777161            
483.76915  1.4160512            
484.76867  1            
485.76819  1            
486.76772  1            
487.76724  1            
488.76676  1            
489.76629  1.077793            
490.76581  1.4271439            
491.76533  1            
492.76485  1            
493.76438  1            
494.7639  1            
495.76342  1            
496.76295  1            
497.76247  1            
498.76199  1            
499.76152  1            
500.76104  1            
501.76056  1            
502.76008  1            
503.75961  1.1478559            
504.75913  2.0777063            
505.75865  2.5980649            
506.75818  3.0776688            
507.7577  3.6003372            
508.75722  4.1454647            
509.75675  5.0776011            
510.75627  5.6813327            
511.75579  6.6824486            
512.75531  7.6835645            
513.75484  8.6846804            
514.75436  9.6981168            
515.75388  10.621653            
516.75341  10.623779            
517.75293  11.237127            
518.75245  12.099155            
519.75198  12.242547            
520.7515  13.028296            
521.75102  12.55436            
522.75055  12.555954            
523.75007  12.496361            
524.74959  12.118285            
525.74911  12.044464            
526.74864  11.502433            
527.74816  11.050943            
528.74768  10.429619            
529.74721  9.3730691            
530.74673  8.1188712            
531.74625  7.8077553            
532.74578  6.4379085            
533.7453  5.4399809            
534.74482  4.4985801            
535.74434  3.8674478            
536.74387  2.9443007            
537.74339  2.5035582            
538.74291  1.8688825            
539.74244  1            
540.74196  1            
541.74148  1            
542.74101  1            
543.74053  1            
544.74005  1            
545.73958  1            
546.7391  1.1272916            
547.73862  1.9244437            
548.73814  1.4780712            
549.73767  2            
550.73719  2.0753011            
551.73671  2.6518713            
552.73624  3.0751234            
553.73576  3.6053722            
554.73528  3.6554925            
555.73481  4.0748453            
556.73433  4.6101546            
557.73385  4.4897178            
558.73337  3.6133429            
559.7329  3.614937            
560.73242  3.6165312            
561.73194  3.5438773            
562.73147  3.0741431            
563.73099  3.5021521            
564.73051  2.6229077            
565.73004  2.5506826            
566.72956  2            
567.72908  2            
568.7286  1.8832297            
569.72813  1            
570.72765  1            
571.72717  1            
572.7267  1            
573.72622  1            
574.72574  1            
575.72527  1            
576.72479  1            
577.72431  1            
578.72384  1            
579.72336  1            
580.72288  1            
581.7224  1            
582.72193  1            
583.72145  1            
584.72097  1            
585.7205  1            
586.72002  1            
587.71954  1            
588.71907  1            
589.71859  1            
590.71811  1.0356619            
591.71763  1.2987179            
592.71716  1.1052925            
593.71668  2.1048143            
594.7162  3.104336            
595.71573  4.0698263            
596.71525  4.8110095            
597.71477  6.0695113            
598.7143  6.8819544            
599.71382  8.7806472            
600.71334  9.7817631            
601.71286  10.95273            
602.71239  13.56799            
603.71191  15.570222            
604.71143  17.404539            
605.71096  17.824648            
606.71048  19.168181            
607.71  20.270604            
608.70953  22.176789            
609.70905  23.218918            
610.70857  24.472612            
611.7081  24.4628            
612.70762  25.031324            
613.70714  24.440335            
614.70666  24.677282            
615.70619  23.314124            
616.70571  22.317791            
617.70523  21.294146            
618.70476  19.87542            
619.70428  17.23641            
620.7038  15.267006            
621.70333  13.439503            
622.70285  10.650308            
623.70237  9.7934602            
624.70189  7.538578            
625.70142  5.6306392            
626.70094  4.5684531            
627.70046  2.9114459            
628.69999  2            
629.69951  1.9124024            
630.69903  1.023686            
631.69856  1.3335087            
632.69808  2.0861629            
633.6976  3.0856847            
634.69712  4.1704129            
635.69665  6.0847282            
636.69617  7.1684999            
637.69569  9.3132459            
638.69522  12.96917            
639.69474  15.733381            
640.69426  18.591534            
641.69379  20.03145            
642.69331  23.42508            
643.69283  25.639174            
644.69236  27.53287            
645.69188  30.719865            
646.6914  30.419815            
647.69092  32.344652            
648.69045  33.191934            
649.68997  32.334408            
650.68949  32.962458            
651.68902  32.10509            
652.68854  32.739359            
653.68806  31.613473            
654.68759  28.989877            
655.68711  27.806122            
656.68663  24.447241            
657.68615  23.148091            
658.68568  20.886593            
659.6852  18.17655            
660.68472  16.142127            
661.68425  13.616868            
662.68377  11.35868            
663.68329  8.7093894            
664.68282  7.6406026            
665.68234  5.7135342            
666.68186  4.7156066            
667.68138  3.6778149            
668.68091  2.1967339            
669.68043  1.931532            
670.67995  1            
671.67948  1            
672.679  1            
673.67852  1            
674.67805  1            
675.67757  1            
676.67709  1            
677.67662  1            
678.67614  1            
679.67566  1            
680.67518  1            
681.67471  1            
682.67423  1.0117645            
683.67375  1.2993601            
684.67328  3            
685.6728  3.1104299            
686.67232  4.8887481            
687.67185  6.1197194            
688.67137  8.1674902            
689.67089  10.98841            
690.67041  13.833108            
691.66994  17.04703            
692.66946  20.846208            
693.66898  24.198648            
694.66851  27.772995            
695.66803  32.765958            
696.66755  37.601852            
697.66708  42.348961            
698.6666  45.509884            
699.66612  48.542662            
700.66564  52.092539            
701.66517  55.959166            
702.66469  57.2589            
703.66421  58.075072            
704.66374  58.214508            
705.66326  57.846874            
706.66278  56.15248            
707.66231  54.202296            
708.66183  50.168118            
709.66135  45.251739            
710.66088  38.992148            
711.6604  33.152503            
712.65992  27.430257            
713.65944  21.442933            
714.65897  15.674239            
715.65849  11.643952            
716.65801  7.0428025            
717.65754  5.1331899            
718.65706  5.2216643            
719.65658  7.3527818            
720.65611  12.48669            
721.65563  20.678564            
722.65515  30.679142            
723.65467  46.435039            
724.6542  62.858371            
725.65372  88.764863            
726.65324  109.55951            
727.65277  140.59779            
728.65229  175.40244            
729.65181  209.5633            
730.65134  247.58724            
731.65086  291.10019            
732.65038  325.29775            
733.6499  366.53896            
734.64943  410.62526            
735.64895  458.50282            
736.64847  492.74731            
737.648  524.81849            
738.64752  552.41314            
739.64704  582.75304            
740.64657  592.81548            
741.64609  605.94911            
742.64561  620.6611            
743.64514  628.19477            
744.64466  624.69278            
745.64418  610.94283            
746.6437  593.28493            
747.64323  571.41539            
748.64275  526.62171            
749.64227  485.33284            
750.6418  453.15283            
751.64132  414.28869            
752.64084  356.00053            
753.64037  300.87333            
754.63989  259.78284            
755.63941  208.34533            
756.63893  162.02332            
757.63846  125.26836            
758.63798  81.242627            
759.6375  57.286088            
760.63703  34.605667            
761.63655  19.046953            
762.63607  13.440698            
763.6356  16.685532            
764.63512  30.739837            
765.63464  52.992345            
766.63416  87.021439            
767.63369  126.08672            
768.63321  178.96017            
769.63273  236.72128            
770.63226  296.28175            
771.63178  369.80078            
772.6313  458.06483            
773.63083  532.73523            
774.63035  617.00071            
775.62987  694.23669            
776.6294  759.21151            
777.62892  833.66959            
778.62844  910.31901            
779.62796  952.90061            
780.62749  1006.5293            
781.62701  1020.4319            
782.62653  1021.8539            
783.62606  1021.972            
784.62558  1021.9729            
785.6251  1021.9263            
786.62463  1021.9698            
787.62415  1021.4396            
788.62367  1019.5235            
789.62319  990.20245            
790.62272  929.53861            
791.62224  877.35231            
792.62176  812.4261            
793.62129  742.44472            
794.62081  651.70348            
795.62033  563.91355            
796.61986  480.25545            
797.61938  409.38346            
798.6189  342.33756            
799.61842  264.53683            
800.61795  201.67615            
801.61747  147.72908            
802.61699  96.829303            
803.61652  59.885985            
804.61604  33.910931            
805.61556  13.97596            
806.61509  6.9796492            
807.61461  5.9987028            
808.61413  17.952758            
809.61366  35.959985            
810.61318  62.877347            
811.6127  89.876212            
812.61222  136.67472            
813.61175  177.68593            
814.61127  221.59696            
815.61079  275.44321            
816.61032  322.34745            
817.60984  372.22896            
818.60936  428.95136            
819.60889  461.13014            
820.60841  511.91012            
821.60793  538.7133            
822.60745  570.75466            
823.60698  583.64501            
824.6065  607.59275            
825.60602  615.66443            
826.60555  613.6744            
827.60507  608.64403            
828.60459  595.1831            
829.60412  582.60433            
830.60364  554.92228            
831.60316  529.06744            
832.60268  497.44789            
833.60221  463.93724            
834.60173  416.95849            
835.60125  381.45279            
836.60078  339.46215            
837.6003  296.98151            
838.59982  260.73057            
839.59935  216.326            
840.59887  181.21433            
841.59839  148.13352            
842.59792  116.32158            
843.59744  88.410885            
844.59696  66.334927            
845.59648  47.228596            
846.59601  31.257715            
847.59553  20.183246            
848.59505  10.245715            
849.59458  5.1653117            
850.5941  2.1331102            
851.59362  1.0989957            
852.59315  2.9634626            
853.59267  5.9414156            
854.59219  10.003476            
855.59171  15.793848            
856.59124  21.87237            
857.59076  27.783294            
858.59028  34.754982            
859.58981  39.703745            
860.58933  44.696078            
861.58885  48.713853            
862.58838  52.708752            
863.5879  53.679449            
864.58742  54.671768            
865.58694  53.817187            
866.58647  54.460633            
867.58599  51.755324            
868.58551  49.071492            
869.58504  45.975387            
870.58456  42.107571            
871.58408  38.975263            
872.58361  34.029173            
873.58313  30.747514            
874.58265  26.023842            
875.58218  22.001514            
876.5817  18.118439            
877.58122  15.093018            
878.58074  12.094452            
879.58027  9.0958871            
880.57979  7.0648812            
881.57931  5.0658377            
882.57884  4.0333971            
883.57836  3.0338753            
884.57788  3            
885.57741  2.0348318            
886.57693  2            
887.57645  1.1686691            
888.57597  1.9687893            
889.5755  2            
890.57502  2            
891.57454  2            
892.57407  2.8216029            
893.57359  2.0329605            
894.57311  2            
895.57264  2.8157844            
896.57216  2.033992            
897.57168  2.811913            
898.57121  2.8446517            
899.57073  3.8015304            
900.57025  3.8414634            
901.56977  4.6440578            
902.5693  5.7883652            
903.56882  6.7932409            
904.56834  8.5895797            
905.56787  9.6225889            
906.56739  12.368615            
907.56691  14.400207            
908.56644  16.557908            
909.56596  19.350426            
910.56548  22.169888            
911.565  24.368929            
912.56453  27.323769            
913.56405  30.928097            
914.56357  32.219074            
915.5631  33.221027            
916.56262  34.989611            
917.56214  36.37434            
918.56167  37.98157            
919.56119  37.644499            
920.56071  38.025793            
921.56023  38.039933            
922.55976  37.084489            
923.55928  34.737572            
924.5588  32.713375            
925.55833  29.57742            
926.55785  27.698024            
927.55737  25.516171            
928.5569  21.803985            
929.55642  18.75809            
930.55594  15.202153            
931.55547  12.917525            
932.55499  9.9623784            
933.55451  7.1611606            
934.55403  5.1165312            
935.55356  3.1174876            
936.55308  2.0592221            
937.5526  1.0597003            
938.55213  1            
939.55165  1            
940.55117  1            
941.5507  1.7282856            
942.55022  3.4388376            
943.54974  4.6961373            
944.54926  6.6452256            
945.54879  7.7062012            
946.54831  10.359094            
947.54783  13.33963            
948.54736  15.399968            
949.54688  17.17466            
950.5464  19.864979            
951.54593  21.198168            
952.54545  23.141958            
953.54497  24.203571            
954.54449  25.674426            
955.54402  25.998326            
956.54354  26.23953            
957.54306  26.718274            
958.54259  25.351487            
959.54211  25.937154            
960.54163  24.597089            
961.54116  23.559621            
962.54068  22.07905            
963.5402  20.348688            
964.53973  18.846824            
965.53925  16.884027            
966.53877  16.247559            
967.53829  13.237246            
968.53782  11.827482            
969.53734  9.8814762            
970.53686  8.5556201            
971.53639  7.110641            
972.53591  5.8240163            
973.53543  5.0557718            
974.53496  4.0773952            
975.53448  3.0778734            
976.534  2.7422235            
977.53352  2.0566562            
978.53305  1.0793081            
979.53257  1.9202136            
980.53209  2            
981.53162  1.0807429            
982.53114  1            
983.53066  1.6512132            
984.53019  1.9759677            
985.52971  1.0826558            
986.52923  1            
987.52875  1            
988.52828  1            
989.5278  1            
990.52732  1            
991.52685  1            
992.52637  1            
993.52589  1            
994.52542  1            
995.52494  1            
996.52446  1            
997.52399  1            
998.52351  1            
999.52303  1            
1000.5226  1            
1001.5221  1.6190055            
1002.5216  1.6788618            
1003.5211  2.5860035            
1004.5206  2.6756735            
1005.5202  2.6740794            
1006.5197  2.9696398            
1007.5192  3.6083794            
1008.5187  3.9690279            
1009.5183  4.6048496            
1010.5178  4.6661087            
1011.5173  4.0631887            
1012.5168  4.5995663            
1013.5164  4.6613263            
1014.5159  4.6597322            
1015.5154  4.0638414            
1016.5149  3.6900245            
1017.5144  3.6549498            
1018.514  3.0643149            
1019.5135  3            
1020.513  2.6849387            
1021.5125  1.7484457            
1022.5121  1.6469791            
1023.5116  1.0650735            
1024.5111  1            
1025.5106  1            
1026.5102  1            
1027.5097  1            
1028.5092  1            
1029.5087  1.5698867            
1030.5082  1.0660715            
1031.5078  1.5664239            
1032.5073  2.5259047            
1033.5068  2.960865            
1034.5063  3.5612412            
1035.5059  4.5196875            
1036.5054  5.5176152            
1037.5049  6.1791394            
1038.5044  7.4725885            
1039.504  8.1725127            
1040.5035  9.1276104            
1041.503  9.5747422            
1042.5025  11.052669            
1043.502  11.227005            
1044.5016  11.767881            
1045.5011  12.177236            
1046.5006  11.869916            
1047.5001  11.821377            
1048.4997  12.353832            
1049.4992  12.766953            
1050.4987  11.920772            
1051.4982  10.384336            
1052.4978  10.553179            
1053.4973  10.241473            
1054.4968  9.3075881            
1055.4963  8.304878            
1056.4958  7.661903            
1057.4954  6.7082736            
1058.4949  6.2274314            
1059.4944  5.6574065            
1060.4939  4.7049259            
1061.4935  4.0695934            
1062.493  3.1194803            
1063.4925  2.6318079            
1064.492  2.0698564            
1065.4916  2            
1066.4911  2            
1067.4906  1.1218715            
1068.4901  1            
1069.4896  1            
1070.4892  1            
1071.4887  1            
1072.4882  1            
1073.4877  1            
1074.4873  1            
1075.4868  1            
1076.4863  1.3836998            
1077.4858  1.5442802            
1078.4854  1.5577076            
1079.4849  1.9433555            
1080.4844  2            
1081.4839  2            
1082.4834  1.6092296            
1083.483  1.9416804            
1084.4825  1.1300016            
1085.482  1            
1086.4815  1            
1087.4811  1            
1088.4806  1            
1089.4801  1            
1090.4796  1            
1091.4792  1            
1092.4787  1            
1093.4782  1            
1094.4777  1            
1095.4772  1            
1096.4768  1            
1097.4763  1            
1098.4758  1            
1099.4753  1            
1100.4749  1            
1101.4744  1            
1102.4739  1            
1103.4734  1            
1104.4729  1            
1105.4725  1            
1106.472  1            
1107.4715  1            
1108.471  1            
1109.4706  1            
1110.4701  1            
1111.4696  1            
1112.4691  1            
1113.4687  1            
1114.4682  1            
1115.4677  1            
1116.4672  1            
1117.4667  1            
1118.4663  1            
1119.4658  1            
1120.4653  1            
1121.4648  1            
1122.4644  1            
1123.4639  1.851347            
1124.4634  2            
1125.4629  2            
1126.4625  2.4089687            
1127.462  2.4795951            
1128.4615  2.8838027            
1129.461  3.3970707            
1130.4605  3.9201712            
1131.4601  4            
1132.4596  4.3994861            
1133.4591  4.8679413            
1134.4586  4.5405348            
1135.4582  5.3124502            
1136.4577  5.4652479            
1137.4572  5.4636538            
1138.4567  5.4620596            
1139.4563  4.6167703            
1140.4558  4.8457995            
1141.4553  4.5291892            
1142.4548  4.4556831            
1143.4543  4.454089            
1144.4539  4.4524948            
1145.4534  3.9892038            
1146.4529  3.5210395            
1147.4524  3.4477124            
1148.452  2.6067272            
1149.4515  2.4445242            
1150.451  2.0715622            
1151.4505  1.1620437            
1152.4501  1.3682741            
1153.4496  1.0714181            
1154.4491  1            
1155.4486  1            
1156.4481  1            
1157.4477  1            
1158.4472  1            
1159.4467  1            
1160.4462  1            
1161.4458  1            
1162.4453  1            
1163.4448  1            
1164.4443  1            
1165.4439  1.4829476            
1166.4434  1.4453705            
1167.4429  1.4158297            
1168.4424  1.9003183            
1169.4419  2            
1170.4415  2            
1171.441  2            
1172.4405  2            
1173.44  2            
1174.4396  2.3346453            
1175.4391  2.4030767            
1176.4386  2.4014825            
1177.4381  2.0697717            
1178.4377  2            
1179.4372  2            
1180.4367  2            
1181.4362  1.5004909            
1182.4357  1.3919177            
1183.4353  1.3903236            
1184.4348  1.0691261            
1185.4343  1            
1186.4338  1            
1187.4334  1            
1188.4329  1            
1189.4324  1            
1190.4319  1            
1191.4315  1            
1192.431  1            
1193.4305  1            
1194.43  1            
1195.4295  1            
1196.4291  1            
1197.4286  1            
1198.4281  1            
1199.4276  1            
1200.4272  1            
1201.4267  1            
1202.4262  1            
1203.4257  1            
1204.4253  1            
1205.4248  1            
1206.4243  1            
1207.4238  1            
1208.4233  1            
1209.4229  1            
1210.4224  1            
1211.4219  1            
1212.4214  1            
1213.421  1            
1214.4205  1            
1215.42  1            
1216.4195  1            
1217.4191  1            
1218.4186  1            
1219.4181  1            
1220.4176  1            
1221.4171  1            
1222.4167  1            
1223.4162  1            
1224.4157  1.2609608            
1225.4152  1.0638441            
1226.4148  1            
1227.4143  1.2566609            
1228.4138  1.8644888            
1229.4133  2            
1230.4129  2            
1231.4124  1.451252            
1232.4119  1.861905            
1233.4114  1.4493617            
1234.4109  1.3090228            
1235.4105  1.3074287            
1236.41  1.0619909            
1237.4095  1            
1238.409  1            
1239.4086  1            
1240.4081  1            
1241.4076  1            
1242.4071  1            
1243.4067  1            
1244.4062  1            
1245.4057  1            
1246.4052  1            
1247.4047  1            
1248.4043  1            
1249.4038  1            
1250.4033  1            
1251.4028  1            
1252.4024  1            
1253.4019  1            
1254.4014  1            
1255.4009  1            
1256.4005  1            
1257.4  1.2144171            
1258.3995  1.057731            
1259.399  1            
1260.3985  1            
1261.3981  1            
1262.3976  1.2075099            
1263.3971  1.0566599            
1264.3966  1            
1265.3962  1            
1266.3957  1            
1267.3952  1            
1268.3947  1            
1269.3942  1            
1270.3938  1            
1271.3933  1            
1272.3928  1            
1273.3923  1            
1274.3919  1            
1275.3914  1            
1276.3909  1            
1277.3904  1            
1278.39  1            
1279.3895  1            
1280.389  1            
1281.3885  1            
1282.388  1            
1283.3876  1            
1284.3871  1            
1285.3866  1            
1286.3861  1            
1287.3857  1            
1288.3852  1            
1289.3847  1            
1290.3842  1            
1291.3838  1            
1292.3833  1            
1293.3828  1            
1294.3823  1            
1295.3818  1            
1296.3814  1            
1297.3809  1            
1298.3804  1            
1299.3799  1            
1300.3795  1            
1301.379  1            
1302.3785  1            
1303.378  1            
1304.3776  1            
1305.3771  1            
1306.3766  1            
1307.3761  1            
1308.3756  1            
1309.3752  1            
1310.3747  1            
1311.3742  1            
1312.3737  1            
1313.3733  1            
1314.3728  1            
1315.3723  1            
1316.3718  1            
1317.3714  1            
1318.3709  1            
1319.3704  1            
1320.3699  1            
1321.3694  1            
1322.369  1            
1323.3685  1            
1324.368  1            
1325.3675  1            
1326.3671  1            
1327.3666  1            
1328.3661  1            
1329.3656  1            
1330.3652  1            
1331.3647  1            
1332.3642  1            
1333.3637  1            
1334.3632  1            
1335.3628  1            
1336.3623  1            
1337.3618  1            
1338.3613  1            
1339.3609  1            
1340.3604  1            
1341.3599  1            
1342.3594  1            
1343.359  1            
1344.3585  1            
1345.358  1            
1346.3575  1            
1347.357  1            
1348.3566  1            
1349.3561  1            
1350.3556  1            
1351.3551  1            
1352.3547  1            
1353.3542  1            
1354.3537  1            
1355.3532  1            
1356.3528  1            
1357.3523  1            
1358.3518  1            
1359.3513  1            
1360.3508  1            
1361.3504  1            
1362.3499  1            
1363.3494  1            
1364.3489  1            
1365.3485  1            
1366.348  1            
1367.3475  1            
1368.347  1            
1369.3466  1            
1370.3461  1            
1371.3456  1            
1372.3451  1            
1373.3446  1            
1374.3442  1            
1375.3437  1            
1376.3432  1            
1377.3427  1            
1378.3423  1            
1379.3418  1            
1380.3413  1            
1381.3408  1            
1382.3404  1            
1383.3399  1            
1384.3394  1            
1385.3389  1            
1386.3384  1            
1387.338  1            
1388.3375  1            
1389.337  1            
1390.3365  1            
1391.3361  1            
1392.3356  1            
1393.3351  1            
