0  2.9845679            
0.99997369  2.7439285            
1.9999474  3.2817568            
2.9999211  2.944681            
3.9998948  2.0552401            
4.9998685  2.9448387            
5.9998422  2.0186888            
6.9998158  2.3660905            
7.9997895  2.6050464            
8.9997632  2.0751411            
9.9997369  3.3255264            
10.999711  2.4238749            
11.999684  3            
12.999658  3            
13.999632  3.0229404            
14.999605  3.3771785            
15.999579  2.4721094            
16.999553  3            
17.999526  2.9749726            
18.9995  2.4989305            
19.999474  2.0800396            
20.999448  3.4125852            
21.999421  2.0538207            
22.999395  3            
23.999369  3            
24.999342  3            
25.999316  3            
26.99929  3            
27.999263  3            
28.999237  2.9693666            
29.999211  2.4146755            
30.999184  2.4360556            
31.999158  3            
32.999132  2.9796701            
33.999106  2.6460883            
34.999079  3            
35.999053  3            
36.999027  2.9654125            
37.999  2.332663            
38.998974  2.3224115            
39.998948  2.2958024            
40.998921  2.0315931            
41.998895  2.6050828            
42.998869  2.9625148            
43.998842  2.2570304            
44.998816  2.0384382            
45.99879  2.775381            
46.998764  3.2010143            
47.998737  2.4882357            
48.998711  3.0113668            
49.998685  3.168852            
50.998658  2.3782347            
51.998632  2.0514549            
52.998606  2.9578146            
53.998579  2.2112847            
54.998553  3.0349938            
55.998527  3.6525905            
56.9985  2.6942937            
57.998474  2.1721068            
58.998448  3            
59.998422  2.9546207            
60.998395  2.1377903            
61.998369  2.871486            
62.998343  2.0802377            
63.998316  2.1727344            
64.99829  2.9469466            
65.998264  2.9519461            
66.998237  2.0371459            
67.998211  2.1480977            
68.998185  3.9498857            
69.998158  3            
70.998132  3.0443183            
71.998106  3.9342323            
72.99808  2.9253614            
73.998053  2.0497201            
74.998027  2.9526743            
75.998001  2.0540762            
76.997974  2.0033227            
77.997948  2.12298            
78.997922  2.9549977            
79.997895  2.0979024            
80.997869  2.1134716            
81.997843  2.2309985            
82.997816  2.128657            
83.99779  2.1810431            
84.997764  2.9584342            
85.997737  2.2004104            
86.997711  3            
87.997685  2.9601307            
88.997659  2.2780106            
89.997632  3.9515417            
90.997606  2.9618126            
91.99758  2.258551            
92.997553  2.9629258            
93.997527  2.2779442            
94.997501  2.951936            
95.997474  2.0479852            
96.997448  2.9869609            
97.997422  2.6832501            
98.997395  2.081522            
99.997369  3.6782783            
100.99734  3.2833756            
101.99732  2.7087083            
102.99729  3.3010183            
103.99726  2.64128            
104.99724  2.3847222            
105.99721  2.9528034            
106.99719  2.029463            
107.99716  2.6331614            
108.99713  3.0284015            
109.99711  3.5666777            
110.99708  2.9726534            
111.99705  2.4527737            
112.99703  3            
113.997  2.9742238            
114.99697  2.4567069            
115.99695  2.4669584            
116.99692  2.4993187            
117.9969  2.9749231            
118.99687  2.9956374            
119.99684  2.9765866            
120.99682  2.4834602            
121.99679  2.5744026            
122.99676  3.5140158            
123.99674  2.9542229            
124.99671  2            
125.99669  2.0456194            
126.99666  3            
127.99663  3            
128.99661  3            
129.99658  2.954696            
130.99655  2.0452251            
131.99653  3            
132.9965  3            
133.99647  2.9706906            
134.99645  2.3831717            
135.99642  3.3133054            
136.9964  3            
137.99637  3.0309358            
138.99634  3.6714059            
139.99632  2.9554846            
140.99629  2.0444366            
141.99626  3            
142.99624  2.9886536            
143.99621  2.7648752            
144.99619  3.0104014            
145.99616  3.1814526            
146.99613  2.2152433            
147.99611  2.2398803            
148.99608  3            
149.99605  2.9919329            
150.99603  2.833368            
151.996  2.9564309            
152.99597  2.0066859            
153.99595  2.180665            
154.99592  3            
155.9959  2.9946807            
156.99587  2.8921393            
157.99584  3.0342634            
158.99582  3.7804682            
159.99579  2.9964802            
160.99576  2.9313525            
161.99574  3.0375211            
162.99571  3.8187213            
163.99569  2.0392207            
164.99566  2.0824744            
165.99563  3.8767494            
166.99561  2.0517327            
167.99558  2.9576943            
168.99555  2.0520849            
169.99553  3.0412838            
170.9955  3.9284306            
171.99547  2.958008            
172.99545  2.0397631            
173.99542  2.9802855            
174.9954  3.8864443            
175.99537  2.9247874            
176.99534  3.0846242            
177.99532  2.8644421            
178.99529  2.1495718            
179.99526  3.0362713            
180.99524  3.8254081            
181.99521  2.8211506            
182.99519  2.0411245            
183.99516  2.9656885            
184.99513  2.2081415            
185.99511  2.9666586            
186.99508  2.2276777            
187.99505  2.9592698            
188.99503  2            
189.995  2.0091521            
190.99498  2.2977137            
191.99495  3.7234535            
192.99492  3.0103392            
193.9949  3.2558482            
194.99487  3            
195.99484  3            
196.99482  2.9881005            
197.99479  2.6770432            
198.99476  2.3450306            
199.99474  2.9732688            
200.99471  2.324907            
201.99469  2.0396262            
202.99466  2.9888353            
203.99463  2.7236234            
204.99461  2.3793471            
205.99458  2.413594            
206.99455  3            
207.99453  2.9839433            
208.9945  2.5734225            
209.99448  2.4528086            
210.99445  3            
211.99442  2.9611624            
212.9944  2.0387588            
213.99437  3            
214.99434  2.9613989            
215.99432  2.0580871            
216.99429  3.4976343            
217.99426  3.4686845            
218.99424  2.9799816            
219.99421  2.4668796            
220.99419  2.4773457            
221.99416  2.9748545            
222.99413  2.3346359            
223.99411  3            
224.99408  2.9842843            
225.99405  2.5946298            
226.99403  2.6048813            
227.994  2.6295946            
228.99398  3            
229.99395  2.9863662            
230.99392  2.6723322            
231.9939  3.3066004            
232.99387  2.3583868            
233.99384  2.9748947            
234.99382  2.3131062            
235.99379  2.3174217            
236.99376  2.6813179            
237.99374  2.010387            
238.99371  2.2988201            
239.99369  3            
240.99366  2.9726453            
241.99363  2.2413453            
242.99361  2.2506664            
243.99358  2.7871775            
244.99355  3            
245.99353  2.9783306            
246.9935  2.395679            
247.99348  2.8266379            
248.99345  3            
249.99342  2.9942893            
250.9934  2.8920123            
251.99337  3.9950461            
252.99334  3.8358174            
253.99332  2.885877            
254.99329  3            
255.99327  3.0319081            
256.99324  3.8802294            
257.99321  2.9675123            
258.99319  2.0694251            
259.99316  2.1447038            
260.99313  2.966655            
261.99311  2.0712089            
262.99308  3.0260626            
263.99305  3.0158111            
264.99303  2.9709013            
265.993  2.0347415            
266.99298  3.0478974            
267.99295  3.9504769            
268.99292  3.9314279            
269.9929  2.9688677            
270.99287  2.1764444            
271.99284  4            
272.99282  3.9973985            
273.99279  3.9132955            
274.99277  3.9401974            
275.99274  5            
276.99271  4.9960402            
277.99269  4.9309647            
278.99266  6.5421508            
279.99263  5.3770076            
280.99261  7.6883613            
281.99258  7.7979655            
282.99255  6.8150828            
283.99253  6.694154            
284.9925  8.8005283            
285.99248  8.8562811            
286.99245  10.747102            
287.99242  9.8531836            
288.9924  12.311332            
289.99237  13.239616            
290.99234  13.021292            
291.99232  15.012657            
292.99229  17.911561            
293.99227  19.00507            
294.99224  20.495939            
295.99221  23.579757            
296.99219  27.849335            
297.99216  31.035548            
298.99213  32.140019            
299.99211  37.258466            
300.99208  39.835555            
301.99205  43.256241            
302.99203  50.718989            
303.992  53.68243            
304.99198  59.760933            
305.99195  60.545399            
306.99192  69.022845            
307.9919  71.8343            
308.99187  69.686051            
309.99184  77.577389            
310.99182  79.222084            
311.99179  75.491786            
312.99177  78.904174            
313.99174  82.48691            
314.99171  80.333294            
315.99169  78.045518            
316.99166  71.78922            
317.99163  71.705966            
318.99161  64.151096            
319.99158  58.255774            
320.99156  52.812756            
321.99153  46.03152            
322.9915  43.133271            
323.99148  30.482848            
324.99145  26.430472            
325.99142  22.035554            
326.9914  18.611282            
327.99137  17.87056            
328.99134  13.748289            
329.99132  17.04196            
330.99129  19.176721            
331.99127  25.144295            
332.99124  30.118757            
333.99121  39.388007            
334.99119  52.500332            
335.99116  63.734984            
336.99113  71.606216            
337.99111  76.058702            
338.99108  84.05006            
339.99106  94.395671            
340.99103  95.389352            
341.991  99.442045            
342.99098  98.88833            
343.99095  101.01007            
344.99092  103.17689            
345.9909  92.440249            
346.99087  87.536551            
347.99084  83.475509            
348.99082  80.781324            
349.99079  77.278359            
350.99077  74.656649            
351.99074  62.621042            
352.99071  55.669863            
353.99069  59.596867            
354.99066  54.152463            
355.99063  47.722684            
356.99061  47.411989            
357.99058  44.154377            
358.99056  40.183268            
359.99053  36.02783            
360.9905  30.174638            
361.99048  30.898129            
362.99045  26.028719            
363.99042  26.81111            
364.9904  20.961332            
365.99037  20.862582            
366.99034  16.839957            
367.99032  13.897962            
368.99029  13.738822            
369.99027  10.764798            
370.99024  9.8883292            
371.99021  8.6758833            
372.99019  6.8437531            
373.99016  8.5583897            
374.99013  8.7297926            
375.99011  7.7318444            
376.99008  7.5536955            
377.99006  6.9422505            
378.99003  10.502272            
379.99  10.099719            
380.98998  8.8533472            
381.98995  10.249941            
382.98992  11.401329            
383.9899  19.890663            
384.98987  26.778211            
385.98985  31.760641            
386.98982  38.553849            
387.98979  49.023039            
388.98977  52.590905            
389.98974  62.135901            
390.98971  62.173597            
391.98969  69.208619            
392.98966  76.224775            
393.98963  87.725098            
394.98961  92.293944            
395.98958  101.21037            
396.98956  111.6865            
397.98953  121.46863            
398.9895  120.52411            
399.98948  115.69092            
400.98945  109.5458            
401.98942  104.23859            
402.9894  96.845072            
403.98937  92.240564            
404.98935  88.557779            
405.98932  82.612136            
406.98929  74.506366            
407.98927  64.032415            
408.98924  51.800705            
409.98921  38.230117            
410.98919  25.884274            
411.98916  19.348684            
412.98913  12.908051            
413.98911  8.9791005            
414.98908  8.1393767            
415.98906  8.6727782            
416.98903  10.791673            
417.989  16.791701            
418.98898  26.989433            
419.98895  38.976621            
420.98892  52.741803            
421.9889  66.359041            
422.98887  83.274105            
423.98885  98.778311            
424.98882  116.85117            
425.98879  145.71911            
426.98877  169.55368            
427.98874  200.72727            
428.98871  217.83729            
429.98869  232.53765            
430.98866  249.45487            
431.98863  268.67522            
432.98861  273.58161            
433.98858  291.07237            
434.98856  302.38917            
435.98853  310.57651            
436.9885  309.8256            
437.98848  290.06959            
438.98845  279.68693            
439.98842  270.29542            
440.9884  262.12952            
441.98837  256.68103            
442.98835  242.53452            
443.98832  225.38641            
444.98829  200.05137            
445.98827  170.82161            
446.98824  151.9806            
447.98821  133.4863            
448.98819  121.70025            
449.98816  103.15419            
450.98814  89.913514            
451.98811  76.125302            
452.98808  55.732046            
453.98806  41.382059            
454.98803  33.187033            
455.988  28.015708            
456.98798  23.978708            
457.98795  21.025434            
458.98792  20.889371            
459.9879  16.955058            
460.98787  14.97345            
461.98785  13.980609            
462.98782  12.975751            
463.98779  12.983811            
464.98777  13.928537            
465.98774  14.837058            
466.98771  14.914794            
467.98769  13.813095            
468.98766  11.861714            
469.98764  9.0590253            
470.98761  7.1023481            
471.98758  6.8856233            
472.98756  6.9498614            
473.98753  4.3078951            
474.9875  6.160035            
475.98748  6.8301385            
476.98745  6.1857109            
477.98742  7.1927039            
478.9874  8.032217            
479.98737  9.8758039            
480.98735  14.049195            
481.98732  16.907636            
482.98729  24.087335            
483.98727  29.088397            
484.98724  34.044986            
485.98721  36.544372            
486.98719  40.253112            
487.98716  44.012346            
488.98714  51.669347            
489.98711  51.429934            
490.98708  53.203609            
491.98706  53.331306            
492.98703  47.612635            
493.987  44.255185            
494.98698  40.585558            
495.98695  36.749891            
496.98692  32.133755            
497.9869  24.716757            
498.98687  16.564453            
499.98685  13.919368            
500.98682  8.9424501            
501.98679  5.4240596            
502.98677  5.4681786            
503.98674  7.6450276            
504.98671  13.320911            
505.98669  22.25371            
506.98666  33.985372            
507.98664  50.786858            
508.98661  64.981372            
509.98658  97.582283            
510.98656  140.60773            
511.98653  161.52634            
512.9865  189.54937            
513.98648  242.26476            
514.98645  293.07227            
515.98642  339.97162            
516.9864  368.8729            
517.98637  413.98207            
518.98635  455.85818            
519.98632  507.36389            
520.98629  540.32899            
521.98627  584.16715            
522.98624  615.16359            
523.98621  630.45647            
524.98619  655.93527            
525.98616  671.23683            
526.98614  677.40616            
527.98611  659.45962            
528.98608  681.54826            
529.98606  659.08635            
530.98603  600.58599            
531.986  585.54436            
532.98598  568.44258            
533.98595  521.49316            
534.98593  472.94319            
535.9859  413.10019            
536.98587  375.24158            
537.98585  315.38295            
538.98582  275.66297            
539.98579  211.34966            
540.98577  181.71138            
541.98574  137.5561            
542.98571  116.09332            
543.98569  81.752162            
544.98566  62.217128            
545.98564  43.11484            
546.98561  32.399211            
547.98558  30.244736            
548.98556  28.402492            
549.98553  33.562209            
550.9855  45.886224            
551.98548  60.848502            
552.98545  74.681754            
553.98543  88.196065            
554.9854  112.02131            
555.98537  135.84801            
556.98535  142.09125            
557.98532  155.11372            
558.98529  164.92338            
559.98527  169.87727            
560.98524  178.49777            
561.98521  182.36284            
562.98519  174.41224            
563.98516  174.56987            
564.98514  169.0928            
565.98511  166.93682            
566.98508  153.97426            
567.98506  141.88068            
568.98503  123.1582            
569.985  106.40556            
570.98498  93.004171            
571.98495  78.206674            
572.98493  69.84534            
573.9849  52.596944            
574.98487  44.841507            
575.98485  32.766659            
576.98482  27.762976            
577.98479  23.328744            
578.98477  17.187299            
579.98474  14.504711            
580.98471  9.7047021            
581.98469  9.9903399            
582.98466  9            
583.98464  8.9714928            
584.98461  6.0042417            
585.98458  6.4282695            
586.98456  6.2769103            
587.98453  4.2936982            
588.9845  3            
589.98448  3.0270878            
590.98445  6.0029277            
591.98443  6.3656254            
592.9844  12.981902            
593.98437  18.968987            
594.98435  27.200721            
595.98432  50.404792            
596.98429  71.321128            
597.98427  84.076774            
598.98424  124.74558            
599.98422  166.49141            
600.98419  209.03261            
601.98416  278.13793            
602.98414  323.32205            
603.98411  380.2773            
604.98408  475.83265            
605.98406  555.61123            
606.98403  628.49279            
607.984  697.06664            
608.98398  737.25203            
609.98395  881.19305            
610.98393  914.08749            
611.9839  978.18349            
612.98387  1022            
613.98385  1022            
614.98382  1022            
615.98379  1022            
616.98377  1022            
617.98374  1022            
618.98372  1022            
619.98369  1022            
620.98366  1021.8304            
621.98364  995.54174            
622.98361  950.30809            
623.98358  913.11712            
624.98356  800.49949            
625.98353  707.73125            
626.9835  608.66125            
627.98348  520.43277            
628.98345  439.74283            
629.98343  345.64513            
630.9834  281.38577            
631.98337  214.36028            
632.98335  135.78109            
633.98332  97.365574            
634.98329  85.68591            
635.98327  90.176786            
636.98324  96.118921            
637.98322  132.27055            
638.98319  201.03592            
639.98316  258.19619            
640.98314  360.21935            
641.98311  482.84941            
642.98308  572.80244            
643.98306  728.74408            
644.98303  825.30843            
645.983  988.24763            
646.98298  1022            
647.98295  1022            
648.98293  1022            
649.9829  1022            
650.98287  1022            
651.98285  1022            
652.98282  1022            
653.98279  1022            
654.98277  1022            
655.98274  1022            
656.98272  1022            
657.98269  1022            
658.98266  1022            
659.98264  1022            
660.98261  1022            
661.98258  1021.9944            
662.98256  1020.0382            
663.98253  1011.3966            
664.98251  903.29214            
665.98248  775.48787            
666.98245  676.7629            
667.98243  549.76044            
668.9824  440.474            
669.98237  359.33563            
670.98235  284.73054            
671.98232  222.66015            
672.98229  156.87837            
673.98227  111.92745            
674.98224  80.398875            
675.98222  55.839081            
676.98219  36.437032            
677.98216  19.612621            
678.98214  11.272659            
679.98211  5.4994238            
680.98208  4.0004801            
681.98206  4.274185            
682.98203  7.004339            
683.98201  9.5901119            
684.98198  16.117731            
685.98195  27.263368            
686.98193  42.346818            
687.9819  61.366842            
688.98187  89.069191            
689.98185  126.48835            
690.98182  175.44032            
691.98179  249.23983            
692.98177  324.06628            
693.98174  423.44831            
694.98172  549.20916            
695.98169  689.73131            
696.98166  823.4022            
697.98164  987.34858            
698.98161  1022            
699.98158  1022            
700.98156  1022            
701.98153  1022            
702.98151  1022            
703.98148  1022            
704.98145  1022            
705.98143  1022            
706.9814  1022            
707.98137  1022            
708.98135  1022            
709.98132  1022            
710.98129  1022            
711.98127  1022            
712.98124  1022            
713.98122  1022            
714.98119  1022            
715.98116  1022            
716.98114  1022            
717.98111  1022            
718.98108  986.39211            
719.98106  797.12991            
720.98103  609.05622            
721.98101  538.39716            
722.98098  521.6119            
723.98095  575.70738            
724.98093  785.1717            
725.9809  1011.2738            
726.98087  1021.9823            
727.98085  1022            
728.98082  1022            
729.9808  1022            
730.98077  1022            
731.98074  1022            
732.98072  1022            
733.98069  1022            
734.98066  1022            
735.98064  1022            
736.98061  1022            
737.98058  1022            
738.98056  1022            
739.98053  1022            
740.98051  1022            
741.98048  1022            
742.98045  1022            
743.98043  1022            
744.9804  1022            
745.98037  1022            
746.98035  1022            
747.98032  1022            
748.9803  1022            
749.98027  1022            
750.98024  1022            
751.98022  1022            
752.98019  1022            
753.98016  1022            
754.98014  1022            
755.98011  1022            
756.98008  1022            
757.98006  1022            
758.98003  1022            
759.98001  1022            
760.97998  1022            
761.97995  1022            
762.97993  1022            
763.9799  1022            
764.97987  1022            
765.97985  1022            
766.97982  1022            
767.9798  1022            
768.97977  1022            
769.97974  1022            
770.97972  1022            
771.97969  1022            
772.97966  1022            
773.97964  1022            
774.97961  1022            
775.97958  1022            
776.97956  1022            
777.97953  1022            
778.97951  1022            
779.97948  1022            
780.97945  1022            
781.97943  1022            
782.9794  1022            
783.97937  1022            
784.97935  1022            
785.97932  1022            
786.9793  1022            
787.97927  1022            
788.97924  1022            
789.97922  1022            
790.97919  1022            
791.97916  1022            
792.97914  1022            
793.97911  1022            
794.97909  1022            
795.97906  1022            
796.97903  1022            
797.97901  1022            
798.97898  1022            
799.97895  1022            
800.97893  1022            
801.9789  1022            
802.97887  1022            
803.97885  1022            
804.97882  1022            
805.9788  1022            
806.97877  1022            
807.97874  1022            
808.97872  1022            
809.97869  1022            
810.97866  1022            
811.97864  1022            
812.97861  1022            
813.97859  1022            
814.97856  1022            
815.97853  1022            
816.97851  1022            
817.97848  1022            
818.97845  1022            
819.97843  1022            
820.9784  1022            
821.97837  1022            
822.97835  1022            
823.97832  1022            
824.9783  1022            
825.97827  1022            
826.97824  1022            
827.97822  1022            
828.97819  1022            
829.97816  1022            
830.97814  1022            
831.97811  1022            
832.97809  1022            
833.97806  1022            
834.97803  1022            
835.97801  1022            
836.97798  1022            
837.97795  1022            
838.97793  1022            
839.9779  1022            
840.97787  1022            
841.97785  1022            
842.97782  1022            
843.9778  1022            
844.97777  1022            
845.97774  1022            
846.97772  1022            
847.97769  1022            
848.97766  1022            
849.97764  1022            
850.97761  1022            
851.97759  1022            
852.97756  807.96096            
853.97753  457.45786            
854.97751  208.00835            
855.97748  101.90871            
856.97745  80.344434            
857.97743  167.23087            
858.9774  312.54404            
859.97737  514.98863            
860.97735  749.40654            
861.97732  997.54232            
862.9773  1021.7159            
863.97727  1022            
864.97724  1022            
865.97722  1022            
866.97719  1022            
867.97716  1022            
868.97714  1022            
869.97711  1022            
870.97709  1022            
871.97706  1022            
872.97703  1022            
873.97701  1022            
874.97698  1022            
875.97695  1022            
876.97693  1022            
877.9769  1022            
878.97688  1022            
879.97685  1022            
880.97682  975.24476            
881.9768  809.04084            
882.97677  656.73776            
883.97674  528.35085            
884.97672  421.72741            
885.97669  322.94381            
886.97666  252.61662            
887.97664  204.21206            
888.97661  160.02847            
889.97659  122.91483            
890.97656  105.19222            
891.97653  94.618484            
892.97651  92.674996            
893.97648  93.443934            
894.97645  97.316537            
895.97643  112.23411            
896.9764  124.96687            
897.97638  132.33883            
898.97635  147.72611            
899.97632  159.31075            
900.9763  178.69716            
901.97627  196.49473            
902.97624  226.18685            
903.97622  246.86021            
904.97619  282.21571            
905.97616  327.37343            
906.97614  382.42356            
907.97611  433.28879            
908.97609  507.77584            
909.97606  597.36506            
910.97603  675.18388            
911.97601  769.55049            
912.97598  858.05842            
913.97595  989.89675            
914.97593  1021.4967            
915.9759  1022            
916.97588  1022            
917.97585  1022            
918.97582  1022            
919.9758  1022            
920.97577  1022            
921.97574  1022            
922.97572  1022            
923.97569  1022            
924.97566  1022            
925.97564  1022            
926.97561  1022            
927.97559  1022            
928.97556  1022            
929.97553  1022            
930.97551  1022            
931.97548  1022            
932.97545  1022            
933.97543  914.89567            
934.9754  781.3734            
935.97538  650.55955            
936.97535  524.42168            
937.97532  393.47557            
938.9753  299.7582            
939.97527  199.60726            
940.97524  133.24474            
941.97522  92.196473            
942.97519  63.117399            
943.97517  54.182054            
944.97514  73.997067            
945.97511  106.00168            
946.97509  158.78998            
947.97506  225.72348            
948.97503  314.99362            
949.97501  410.37193            
950.97498  515.14094            
951.97495  621.95727            
952.97493  729.31868            
953.9749  854.97362            
954.97488  947.01047            
955.97485  1012.1627            
956.97482  1017.8171            
957.9748  1021.4252            
958.97477  1021.9891            
959.97474  1022            
960.97472  1022            
961.97469  1022            
962.97467  1022            
963.97464  1022            
964.97461  1022            
965.97459  1021.1147            
966.97456  1014.4971            
967.97453  1007.05            
968.97451  926.93727            
969.97448  818.83377            
970.97445  760.31011            
971.97443  666.56045            
972.9744  575.0504            
973.97438  504.08622            
974.97435  422.62889            
975.97432  343.63349            
976.9743  283.69318            
977.97427  231.9438            
978.97424  177.60366            
979.97422  143.5139            
980.97419  103.8538            
981.97417  87.584127            
982.97414  69.115303            
983.97411  55.208818            
984.97409  46.072392            
985.97406  37.042347            
986.97403  34.653121            
987.97401  37.862094            
988.97398  39.219106            
989.97395  39.289702            
990.97393  39.92494            
991.9739  39.740457            
992.97388  43.337115            
993.97385  44.236033            
994.97382  41.711231            
995.9738  41.513281            
996.97377  41.504193            
997.97374  39.999593            
998.97372  40.430694            
999.97369  43.801784            
1000.9737  42.492709            
1001.9736  50.457156            
1002.9736  56.616537            
1003.9736  68.717369            
1004.9736  70.79372            
1005.9735  78.672794            
1006.9735  89.524577            
1007.9735  105.87761            
1008.9735  117.97966            
1009.9734  130.79378            
1010.9734  143.34864            
1011.9734  154.46619            
1012.9733  167.35882            
1013.9733  181.54116            
1014.9733  183.91609            
1015.9733  187.5964            
1016.9732  183.55075            
1017.9732  187.47223            
1018.9732  181.36102            
1019.9732  171.03875            
1020.9731  158.60539            
1021.9731  140.14088            
1022.9731  132.35897            
1023.9731  120.74338            
1024.973  95.781582            
1025.973  79.0124            
1026.973  61.418053            
1027.973  57.975311            
1028.9729  46.773655            
1029.9729  38.557061            
1030.9729  39.592387            
1031.9728  46.396752            
1032.9728  55.242734            
1033.9728  71.356195            
1034.9728  92.443027            
1035.9727  122.10337            
1036.9727  149.99882            
1037.9727  192.94171            
1038.9727  240.59775            
1039.9726  283.68215            
1040.9726  336.72981            
1041.9726  374.60921            
1042.9726  428.09342            
1043.9725  480.74308            
1044.9725  527.93097            
1045.9725  561.059            
1046.9725  599.22346            
1047.9724  628.58742            
1048.9724  670.30321            
1049.9724  692.73491            
1050.9724  706.07913            
1051.9723  693.17016            
1052.9723  695.14747            
1053.9723  673.62055            
1054.9722  677.71183            
1055.9722  635.1896            
1056.9722  599.556            
1057.9722  550.17874            
1058.9721  506.36074            
1059.9721  481.72809            
1060.9721  440.27698            
1061.9721  389.49699            
1062.972  330.65073            
1063.972  279.89721            
1064.972  234.98339            
1065.972  198.92376            
1066.9719  163.88904            
1067.9719  129.92906            
1068.9719  92.14022            
1069.9719  68.675144            
1070.9718  50.990969            
1071.9718  31.372176            
1072.9718  21.555371            
1073.9717  16.698004            
1074.9717  10.871466            
1075.9717  10.763999            
1076.9717  11.077118            
1077.9716  14.589178            
1078.9716  21.055416            
1079.9716  27.608119            
1080.9716  31.020209            
1081.9715  38.22996            
1082.9715  45.224294            
1083.9715  48.390896            
1084.9715  49.552662            
1085.9714  52.161535            
1086.9714  54.145487            
1087.9714  56.6076            
1088.9714  53.019357            
1089.9713  48.864642            
1090.9713  45.405406            
1091.9713  42.311844            
1092.9712  37.224378            
1093.9712  32.6867            
1094.9712  28.125342            
1095.9712  21.685941            
1096.9711  17.092545            
1097.9711  13.573565            
1098.9711  9.1386166            
1099.9711  6.0935652            
1100.971  5.4529154            
1101.971  5.0133223            
1102.971  5.5668543            
1103.971  6.172234            
1104.9709  8.325314            
1105.9709  9.7241798            
1106.9709  12.29039            
1107.9709  14.564178            
1108.9708  16.640788            
1109.9708  19.590056            
1110.9708  22.893109            
1111.9707  25.559985            
1112.9707  27.923476            
1113.9707  28.383237            
1114.9707  28.578067            
1115.9706  29.802868            
1116.9706  33.158762            
1117.9706  37.550508            
1118.9706  37.26693            
1119.9705  42.921808            
1120.9705  46.062254            
1121.9705  48.812553            
1122.9705  54.503558            
1123.9704  67.568632            
1124.9704  78.142092            
1125.9704  89.202626            
1126.9704  101.87905            
1127.9703  117.88265            
1128.9703  129.04262            
1129.9703  146.71084            
1130.9702  172.50795            
1131.9702  193.76101            
1132.9702  200.4732            
1133.9702  220.68745            
1134.9701  242.43243            
1135.9701  250.80684            
1136.9701  272.37981            
1137.9701  285.28923            
1138.97  295.87019            
1139.97  312.79878            
1140.97  306.39646            
1141.97  298.49552            
1142.9699  305.7258            
1143.9699  293.21111            
1144.9699  281.90064            
1145.9699  267.80616            
1146.9698  260.26505            
1147.9698  238.64696            
1148.9698  221.23228            
1149.9697  198.52193            
1150.9697  179.79171            
1151.9697  162.54725            
1152.9697  131.82816            
1153.9696  112.92033            
1154.9696  89.478513            
1155.9696  77.261913            
1156.9696  56.472696            
1157.9695  42.346258            
1158.9695  29.613845            
1159.9695  15.835956            
1160.9695  10.366304            
1161.9694  5.1872459            
1162.9694  3.2654084            
1163.9694  3.2105906            
1164.9694  7.8264488            
1165.9693  14.077198            
1166.9693  18.628519            
1167.9693  27.419213            
1168.9692  34.481744            
1169.9692  48.305783            
1170.9692  57.410102            
1171.9692  68.699593            
1172.9691  74.957824            
1173.9691  87.513842            
1174.9691  91.649048            
1175.9691  101.28967            
1176.969  106.37156            
1177.969  107.64241            
1178.969  115.50402            
1179.969  110.46002            
1180.9689  103.70879            
1181.9689  101.71504            
1182.9689  96.001123            
1183.9689  97.439979            
1184.9688  90.72817            
1185.9688  80.21848            
1186.9688  73.034461            
1187.9687  69.475462            
1188.9687  64.392287            
1189.9687  55.349824            
1190.9687  46.886764            
1191.9686  41.211893            
1192.9686  35.231133            
1193.9686  32.579065            
1194.9686  31.510291            
1195.9685  27.69068            
1196.9685  24.665405            
1197.9685  24.559144            
1198.9685  23.341634            
1199.9684  23.414129            
1200.9684  23.188814            
1201.9684  24.928675            
1202.9684  25.160116            
1203.9683  25.833444            
1204.9683  27.207773            
1205.9683  29.621375            
1206.9682  30.657559            
1207.9682  29.066573            
1208.9682  33.816187            
1209.9682  33.041716            
1210.9681  34.624816            
1211.9681  37.115408            
1212.9681  34.540184            
1213.9681  37.325802            
1214.968  37.210992            
1215.968  35.557676            
1216.968  38.15047            
1217.968  38.292524            
1218.9679  38.972544            
1219.9679  45.022237            
1220.9679  47.277975            
1221.9679  49.521851            
1222.9678  56.94972            
1223.9678  64.183144            
1224.9678  67.055037            
1225.9677  72.317116            
1226.9677  78.459742            
1227.9677  86.786542            
1228.9677  91.075582            
1229.9676  87.8239            
1230.9676  97.470544            
1231.9676  93.734932            
1232.9676  90.052179            
1233.9675  92.934759            
1234.9675  88.152772            
1235.9675  78.711864            
1236.9675  75.293606            
1237.9674  69.110114            
1238.9674  61.293515            
1239.9674  52.359475            
1240.9674  45.296035            
1241.9673  40.151091            
1242.9673  32.354102            
1243.9673  27.184618            
1244.9672  21.450094            
1245.9672  20.249762            
1246.9672  20.069359            
1247.9672  18.363383            
1248.9671  20.006656            
1249.9671  19.400014            
1250.9671  20.931473            
1251.9671  19.625653            
1252.967  24.649414            
1253.967  25.950894            
1254.967  27.231096            
1255.967  30.029949            
1256.9669  28.878487            
1257.9669  34.232594            
1258.9669  33.666683            
1259.9669  34.566714            
1260.9668  36.502247            
1261.9668  34.45166            
1262.9668  33.583121            
1263.9667  35.66561            
1264.9667  33.121727            
1265.9667  33.955721            
1266.9667  32.534998            
1267.9666  30.108714            
1268.9666  27.95623            
1269.9666  26.187768            
1270.9666  25.341904            
1271.9665  24.058972            
1272.9665  22.089662            
1273.9665  21.04491            
1274.9665  18.757143            
1275.9664  19.669024            
1276.9664  17.726109            
1277.9664  18.213391            
1278.9664  15.889668            
1279.9663  15.609274            
1280.9663  13.117745            
1281.9663  14.659974            
1282.9662  13.077937            
1283.9662  12.886968            
1284.9662  12.995517            
1285.9662  10.651584            
1286.9661  8.6746578            
1287.9661  10.393109            
1288.9661  9.553323            
1289.9661  8.5351594            
1290.966  7.0664759            
1291.966  7.4985696            
1292.966  6.5164332            
1293.966  7.0573051            
1294.9659  5.9494498            
1295.9659  5.4565503            
1296.9659  6.5204048            
1297.9659  6.9805443            
1298.9658  5.0937623            
1299.9658  5.5764009            
1300.9658  5.0289315            
1301.9657  5.5958426            
1302.9657  5.6355571            
1303.9657  4.4152531            
1304.9657  4.016287            
1305.9656  4.3178603            
1306.9656  4.3234366            
1307.9656  4.6690335            
1308.9656  4.6970665            
1309.9655  4.4286112            
1310.9655  3.7518891            
1311.9655  3.294007            
1312.9655  3.9645835            
1313.9654  3.7604208            
1314.9654  3.5287745            
1315.9654  3.2459517            
1316.9654  3.96237            
1317.9653  3.0483795            
1318.9653  4.7123773            
1319.9653  3.8583708            
1320.9652  3.0398693            
1321.9652  3.1614015            
1322.9652  3.0077751            
1323.9652  3.8092741            
1324.9651  2.2231775            
1325.9651  2.9572952            
1326.9651  3            
1327.9651  3.7451595            
1328.965  3.8972762            
1329.965  2.1776555            
1330.965  2.9544193            
1331.965  2.936175            
1332.9649  2.1008187            
1333.9649  2.0466446            
1334.9649  2.986673            
1335.9649  3.0013018            
1336.9648  3.9350249            
1337.9648  3.9943616            
1338.9648  3.9907736            
1339.9647  2.1128586            
1340.9647  2.0012607            
1341.9647  2.9497279            
1342.9647  2.1369958            
1343.9646  3.8517221            
1344.9646  3.0471689            
1345.9646  3            
1346.9646  2.132903            
1347.9645  2.0968772            
1348.9645  2.9546207            
1349.9645  3            
1350.9645  3            
1351.9644  3.130843            
1352.9644  2.8670161            
1353.9644  2.9918877            
1354.9644  3            
1355.9643  2.830301            
1356.9643  2.0417227            
1357.9643  2.9484662            
1358.9642  2.2504367            
1359.9642  2.9596752            
1360.9642  2.270003            
1361.9642  2.9606153            
1362.9641  3            
1363.9641  3            
1364.9641  2.7429696            
1365.9641  1.7707594            
1366.964  2.5376021            
1367.964  2.6931589            
1368.964  2.9836424            
1369.964  2.6634627            
1370.9639  1.4027064            
1371.9639  2.2902768            
1372.9639  2.6313527            
1373.9639  2.3778396            
1374.9638  2.3736693            
1375.9638  2.3839208            
1376.9638  2.9678717            
1377.9637  2.053111            
1378.9637  2.392619            
1379.9637  2.5670749            
1380.9637  2.4420947            
1381.9636  2.9703713            
1382.9636  2.4848056            
1383.9636  2.9713825            
1384.9636  2.5493686            
1385.9635  2.5135636            
1386.9635  2.503312            
1387.9635  3.4391609            
1388.9635  2.5367873            
1389.9634  2.9714879            
1390.9634  2.5627216            
1391.9634  3.4937308            
1392.9634  2.6124911            
1393.9633  2.4389946            
1394.9633  2.5701297            
1395.9633  1.863913            
1396.9632  2.5556466            
1397.9632  2.9786418            
1398.9632  3.5857672            
1399.9632  2.0893964            
1400.9631  2.3400289            
1401.9631  2.3495387            
1402.9631  2.3392871            
1403.9631  2.9629888            
1404.963  2.0552401            
1405.963  2.2914647            
1406.963  2.6793695            
1407.963  2.0394978            
1408.9629  2.5246914            
