0  3.1574074            
0.99975967  3.833093            
1.9995193  4.7403135            
2.999279  3.2699204            
3.9990387  2.9906873            
4.9987984  3.7859022            
5.998558  3.8982283            
6.9983177  3.9812946            
7.9980774  3.9538105            
8.9978371  3.9444444            
9.9975967  3.1596772            
10.997356  3            
11.997116  3.0461361            
12.996876  4.5776055            
13.996635  4.1050295            
14.996395  3.9905405            
15.996155  2.4331891            
16.995914  2.8942896            
17.995674  3.0555556            
18.995434  3.8382801            
19.995193  3.1254439            
20.994953  3.7727309            
21.994713  3.254406            
22.994472  3.0651219            
23.994232  3.7911693            
24.993992  3.2090443            
25.993752  3.7907421            
26.993511  3.9903803            
27.993271  3.9540775            
28.993031  3.9444444            
29.99279  3.9903402            
30.99255  3.2199992            
31.99231  3.0096865            
32.992069  2.9541443            
33.991829  4.5947689            
34.991589  3.3862586            
35.991348  3.0555556            
36.991108  2.2311143            
37.990868  3.6581684            
38.990627  4.0457756            
39.990387  3.2318353            
40.990147  3.0098067            
41.989906  3.7317685            
42.989666  3.2030562            
43.989426  3.1012644            
44.989185  3.7965433            
45.988945  3.1678483            
46.988705  3.0456688            
47.988464  3.0099001            
48.988224  3.0456421            
49.987984  2.9642981            
50.987743  2.2145985            
51.987503  2.8307899            
52.987263  3            
53.987022  3.7747804            
54.986782  3.1698911            
55.986542  3.819875            
56.986301  3.9544647            
57.986061  2.3966995            
58.985821  3.6028465            
59.98558  3.8989492            
60.98534  3.1611792            
61.9851  3.7729646            
62.984859  3.9444444            
63.984619  3.1719338            
64.984379  3.0454284            
65.984138  3.8276122            
66.983898  2.3655371            
67.983658  2.8169911            
68.983417  3.7713757            
69.983177  3.9444444            
70.982937  3.1735227            
71.982696  3.045335            
72.982456  3.7807018            
73.982216  3.1742036            
74.981975  2.9547051            
75.981735  3.8500761            
76.981495  3.2407274            
77.981255  3.0103007            
78.981014  3.0452415            
79.980774  3.8244346            
80.980534  3.9547852            
81.980293  3.9444444            
82.980053  3.2666226            
83.979813  3.0659363            
84.979572  3.0103941            
85.979332  3.9029614            
86.979092  3.2084168            
87.978851  4.5792478            
88.978611  4.9444444            
89.978371  2.6897113            
90.97813  3.6092686            
91.97789  3.2233571            
92.97765  4.5423576            
93.977409  4.1231875            
94.977169  3.1789701            
95.976929  3.810262            
96.976688  3.1899784            
97.976448  2.2352065            
98.976208  2.8650965            
99.975967  3.0555556            
100.97573  2.291443            
101.97549  2.8749967            
102.97525  3.774293            
103.97501  4.7527838            
104.97477  3.3731408            
105.97453  3.044881            
106.97429  3.0106879            
107.97404  3            
108.9738  3.044841            
109.97356  3.8176253            
110.97332  3.2381572            
111.97308  3.0555556            
112.97284  3.010768            
113.9726  3.7611618            
114.97236  3.2730313            
115.97212  3.0663636            
116.97188  3.8160365            
117.97164  3.2397461            
118.9714  3.8155825            
119.97116  2.4357059            
120.97092  2.8598093            
121.97068  3.0555556            
122.97044  3.0555556            
123.9702  3.7251662            
124.96996  2.4608134            
125.96972  2.8249352            
126.96948  3.0446007            
127.96924  3.0555556            
128.969  3.0555556            
129.96876  3.8130858            
130.96852  3.9554527            
131.96828  3.1873682            
132.96804  3.0445205            
133.9678  3.0555556            
134.96756  3.0110617            
135.96732  3.7561684            
136.96708  3.2329702            
137.96683  3.7668162            
138.96659  3.9888849            
139.96635  3.2003124            
140.96611  3            
141.96587  3            
142.96563  3            
143.96539  3.0443737            
144.96515  3.8096812            
145.96491  4.044347            
146.96467  3.9668883            
147.96443  3.9444444            
148.96419  3.2355337            
149.96395  3.011262            
150.96371  4.5055275            
151.96347  4.0920852            
152.96323  3.2250861            
153.96299  2.3034727            
154.96275  2.862967            
155.96251  2.9671286            
156.96227  3.0328447            
157.96203  3.8067305            
158.96179  3.2932255            
159.96155  3.773512            
160.96131  3.2380971            
161.96107  3.8058226            
162.96083  3.2940799            
163.96059  3.0228978            
164.96035  3            
165.96011  3.0440799            
166.95987  3.0555556            
167.95963  3.7604075            
168.95938  3.1957662            
169.95914  3.7924778            
170.9589  3.2957889            
171.95866  3.7711087            
172.95842  3.9884309            
173.95818  3.9560269            
174.95794  3.1971281            
175.9577  3.7470894            
176.95746  3.9883775            
177.95722  3.2533646            
178.95698  3.0555556            
179.95674  3.0555556            
180.9565  2.9677962            
181.95626  3.7340383            
182.95602  3.9444444            
183.95578  3.1991709            
184.95554  3.0876525            
185.9553  2.9796724            
186.95506  3.7328367            
187.95482  3.9882307            
188.95458  3.2558613            
189.95434  3.011796            
190.9541  3.6999386            
191.95386  3.2328967            
192.95362  3.8425058            
193.95338  3.2251395            
194.95314  4.5292464            
195.9529  3.4593447            
196.95266  3.0555556            
197.95242  3.0555556            
198.95217  3.7537851            
199.95193  3.9444444            
200.95169  3.9880571            
201.95145  3.258812            
202.95121  3.7529307            
203.95097  3.9444444            
204.95073  3.2474966            
205.95049  2.2717296            
206.95025  3.5356618            
207.95001  3.2916567            
208.94977  3.0240994            
209.94953  3.7393722            
210.94929  3.9444444            
211.94905  3.248992            
212.94881  3.0555556            
213.94857  3.7940199            
214.94833  3.2183369            
215.94809  3.7814227            
216.94785  3.2188176            
217.94761  3            
218.94737  3.7373294            
219.94713  3.207342            
220.94689  3.7368755            
221.94665  3.9877767            
222.94641  3.2635785            
223.94617  3.01225            
224.94593  3            
225.94569  2.9567211            
226.94545  3.7664891            
227.94521  3.9567478            
228.94497  4.6362653            
229.94472  4.1849515            
230.94448  3.9567879            
231.94424  3.9876432            
232.944  3.9568146            
233.94376  3.1673476            
234.94352  3.0307618            
235.94328  3.7890264            
236.94304  4            
237.9428  3.2238645            
238.94256  3.0862106            
239.94232  3.0249272            
240.94208  4.464672            
241.94184  3.4677361            
242.9416  3.0125037            
243.94136  3.7316551            
244.94112  3.2560415            
245.94088  3.7867567            
246.94064  3.2260274            
247.9404  3.7307471            
248.94016  3.9444444            
249.93992  3.9444444            
250.93968  3.2143782            
251.93944  3.0858634            
252.9392  3.0252744            
253.93896  3.042905            
254.93872  4.4709805            
255.93848  4.2028359            
256.93824  4.042865            
257.938  3.2842265            
258.93776  3.783806            
259.93752  3.2719766            
260.93727  3.7405405            
261.93703  4.7576104            
262.93679  3.545315            
263.93655  4.5225707            
264.93631  4.260314            
265.93607  4.7822171            
266.93583  3.5471308            
267.93559  3.7946007            
268.93535  6.348761            
269.93511  7.0128642            
270.93487  7.6828487            
271.93463  7.2062538            
272.93439  8.5354482            
273.93415  9            
274.93391  8.9573754            
275.93367  9.7540589            
276.93343  10.724165            
277.93319  12.477489            
278.93295  13.029587            
279.93271  15.311123            
280.93247  14.596031            
281.93223  16.505881            
282.93199  17.945025            
283.93175  18.974252            
284.93151  21.389269            
285.93127  23.627233            
286.93103  25.427508            
287.93079  28.253044            
288.93055  30.570195            
289.93031  33.261622            
290.93006  35.598474            
291.92982  36.874269            
292.92958  37.323033            
293.92934  38.871872            
294.9291  41.493571            
295.92886  43.775748            
296.92862  44.997403            
297.92838  44.672094            
298.92814  46.530602            
299.9279  47.504993            
300.92766  50.528258            
301.92742  53.599916            
302.92718  57.024079            
303.92694  53.158295            
304.9267  54.453457            
305.92646  53.98259            
306.92622  53.386766            
307.92598  56.286216            
308.92574  53.426861            
309.9255  50.114356            
310.92526  47.421533            
311.92502  45.682381            
312.92478  43.774994            
313.92454  44.667207            
314.9243  42.83822            
315.92406  42.195266            
316.92382  36.964238            
317.92358  38.011062            
318.92334  36.871105            
319.9231  35.886032            
320.92286  35.819788            
321.92261  35.203377            
322.92237  32.900812            
323.92213  30.753258            
324.92189  30.991048            
325.92165  30.341404            
326.92141  27.833247            
327.92117  25.72785            
328.92093  24.313994            
329.92069  20.942008            
330.92045  16.217396            
331.92021  14.916273            
332.91997  12.670826            
333.91973  10.438316            
334.91949  9.8607974            
335.91925  7.7428236            
336.91901  8.4348514            
337.91877  7.5100336            
338.91853  8.5175105            
339.91829  9            
340.91805  9.1252303            
341.91781  10.66895            
342.91757  11.875851            
343.91733  12.236221            
344.91709  13.153268            
345.91685  16.236782            
346.91661  17.291657            
347.91637  18.166333            
348.91613  21.817011            
349.91589  22.403342            
350.91565  23.55374            
351.9154  25.622266            
352.91516  25.584502            
353.91492  25.264179            
354.91468  25.928683            
355.91444  27.122159            
356.9142  25.201834            
357.91396  24.236862            
358.91372  22.714058            
359.91348  24.37969            
360.91324  24.406012            
361.913  23.295942            
362.91276  22.212456            
363.91252  21.405772            
364.91228  19.689571            
365.91204  19.083847            
366.9118  17.606685            
367.91156  17.111111            
368.91132  16.366458            
369.91108  18.302992            
370.91084  20.626585            
371.9106  21.084008            
372.91036  20.435813            
373.91012  21.833033            
374.90988  24.990127            
375.90964  26.83824            
376.9094  27.95066            
377.90916  31.150932            
378.90892  32.950152            
379.90868  34.70624            
380.90844  36.087619            
381.9082  35.729752            
382.90795  36.200105            
383.90771  39.202789            
384.90747  38.314648            
385.90723  37.008385            
386.90699  40.191507            
387.90675  42.087859            
388.90651  37.359923            
389.90627  31.789814            
390.90603  30.321217            
391.90579  27.321277            
392.90555  25.456795            
393.90531  23.689378            
394.90507  21.033499            
395.90483  17.284113            
396.90459  14.705379            
397.90435  11.092986            
398.90411  7.2141045            
399.90387  5.4031082            
400.90363  5.1111111            
401.90339  5.0701821            
402.90315  5.1373868            
403.90291  7.1299768            
404.90267  8.8146679            
405.90243  13.540355            
406.90219  18.74785            
407.90195  23.119222            
408.90171  27.979092            
409.90147  34.476929            
410.90123  38.781863            
411.90099  49.824742            
412.90075  67.732963            
413.9005  77.740374            
414.90026  90.422455            
415.90002  93.492563            
416.89978  105.99621            
417.89954  117.95472            
418.8993  128.79222            
419.89906  138.49141            
420.89882  149.77099            
421.89858  153.97589            
422.89834  162.13787            
423.8981  165.65016            
424.89786  164.22339            
425.89762  168.44353            
426.89738  169.97865            
427.89714  170.01063            
428.8969  165.71473            
429.89666  157.74395            
430.89642  149.34816            
431.89618  140.34286            
432.89594  131.79658            
433.8957  122.50825            
434.89546  111.1434            
435.89522  102.58666            
436.89498  89.565068            
437.89474  75.251462            
438.8945  64.125711            
439.89426  54.598053            
440.89402  48.378401            
441.89378  42.637347            
442.89354  36.517644            
443.89329  31.280929            
444.89305  26.958183            
445.89281  27.285628            
446.89257  27.91399            
447.89233  34.314187            
448.89209  41.235988            
449.89185  48.826511            
450.89161  54.80111            
451.89137  66.972022            
452.89113  79.185666            
453.89089  96.681807            
454.89065  114.55485            
455.89041  129.73186            
456.89017  144.89634            
457.88993  161.70324            
458.88969  178.95207            
459.88945  200.1053            
460.88921  209.27906            
461.88897  223.91199            
462.88873  234.12543            
463.88849  248.44683            
464.88825  251.17774            
465.88801  262.37116            
466.88777  265.71804            
467.88753  271.83011            
468.88729  273.98854            
469.88705  268.95076            
470.88681  257.37368            
471.88657  250.97148            
472.88633  248.42516            
473.88609  235.80306            
474.88584  212.25266            
475.8856  209.32234            
476.88536  197.00103            
477.88512  186.11157            
478.88488  174.06467            
479.88464  158.55938            
480.8844  141.32            
481.88416  125.21215            
482.88392  113.97956            
483.88368  105.90016            
484.88344  95.335763            
485.8832  89.492129            
486.88296  83.844088            
487.88272  76.709158            
488.88248  73.457856            
489.88224  74.828687            
490.882  72.853187            
491.88176  76.028606            
492.88152  82.209905            
493.88128  85.270421            
494.88104  87.325583            
495.8808  100.64011            
496.88056  111.51267            
497.88032  118.11524            
498.88008  123.67782            
499.87984  128.0749            
500.8796  137.65856            
501.87936  148.10326            
502.87912  160.00838            
503.87888  159.39342            
504.87863  167.95065            
505.87839  177.13275            
506.87815  180.55011            
507.87791  179.33299            
508.87767  180.19113            
509.87743  182.96563            
510.87719  178.70175            
511.87695  178.22898            
512.87671  164.56963            
513.87647  167.98913            
514.87623  164.76097            
515.87599  153.57403            
516.87575  149.65455            
517.87551  142.71043            
518.87527  128.29185            
519.87503  124.64125            
520.87479  122.23928            
521.87455  112.83625            
522.87431  113.72961            
523.87407  103.86717            
524.87383  96.305482            
525.87359  92.888809            
526.87335  87.704358            
527.87311  82.961695            
528.87287  82.624589            
529.87263  80.17616            
530.87239  74.961715            
531.87215  70.45586            
532.87191  70.257277            
533.87167  66.397507            
534.87143  65.668249            
535.87118  64.623795            
536.87094  64.704278            
537.8707  59.48504            
538.87046  55.798172            
539.87022  56.316644            
540.86998  50.760514            
541.86974  45.175559            
542.8695  41.819428            
543.86926  40.163783            
544.86902  38.350583            
545.86878  33.43152            
546.86854  28.296704            
547.8683  24.667047            
548.86806  19.747657            
549.86782  15.835236            
550.86758  12.74721            
551.86734  11.093734            
552.8671  8.7543059            
553.86686  5.98281            
554.86662  5.1277804            
555.86638  5.7719499            
556.86614  6.7550268            
557.8659  8.4928636            
558.86566  9.1499439            
559.86542  11.884029            
560.86518  15.267504            
561.86494  18.123067            
562.8647  19.177121            
563.86446  21.448677            
564.86422  22.970179            
565.86398  23.37718            
566.86373  26.077812            
567.86349  28.615878            
568.86325  27.945145            
569.86301  29.980847            
570.86277  29.834915            
571.86253  28.620571            
572.86229  27.599061            
573.86205  25.925639            
574.86181  22.398275            
575.86157  18.447308            
576.86133  18.589922            
577.86109  17.777818            
578.86085  15.739733            
579.86061  17.192942            
580.86037  17.533025            
581.86013  18.626178            
582.85989  28.234118            
583.85965  31.683236            
584.85941  40.180692            
585.85917  52.442522            
586.85893  69.242717            
587.85869  80.707062            
588.85845  101.93874            
589.85821  117.03951            
590.85797  143.32933            
591.85773  168.6184            
592.85749  189.86175            
593.85725  223.97369            
594.85701  250.83045            
595.85677  259.97871            
596.85652  290.63894            
597.85628  324.11768            
598.85604  344.17567            
599.8558  354.93049            
600.85556  365.89886            
601.85532  378.77224            
602.85508  384.8394            
603.85484  377.6935            
604.8546  387.16455            
605.85436  379.35721            
606.85412  360.92788            
607.85388  345.99696            
608.85364  328.05907            
609.8534  302.22326            
610.85316  270.85232            
611.85292  247.00042            
612.85268  219.47326            
613.85244  186.25356            
614.8522  149.14509            
615.85196  115.16428            
616.85172  94.568927            
617.85148  69.253972            
618.85124  48.918229            
619.851  39.66885            
620.85076  36.848107            
621.85052  40.129636            
622.85028  64.658302            
623.85004  85.624623            
624.8498  126.38462            
625.84956  167.29811            
626.84932  235.17745            
627.84907  303.77139            
628.84883  392.64657            
629.84859  501.26476            
630.84835  603.12615            
631.84811  713.10338            
632.84787  825.63163            
633.84763  934.80916            
634.84739  1005.2026            
635.84715  1022            
636.84691  1022            
637.84667  1022            
638.84643  1022            
639.84619  1022            
640.84595  1022            
641.84571  1022            
642.84547  1022            
643.84523  1022            
644.84499  1022            
645.84475  1022            
646.84451  1022            
647.84427  1022            
648.84403  1022            
649.84379  1022            
650.84355  1022            
651.84331  1022            
652.84307  1022            
653.84283  1022            
654.84259  1022            
655.84235  960.55076            
656.84211  841.0346            
657.84186  729.99537            
658.84162  638.25507            
659.84138  523.90122            
660.84114  415.65181            
661.8409  339.52603            
662.84066  283.32295            
663.84042  265.15367            
664.84018  259.84094            
665.83994  277.08055            
666.8397  331.64892            
667.83946  416.76091            
668.83922  532.09243            
669.83898  674.27433            
670.83874  842.04639            
671.8385  981.92725            
672.83826  1022            
673.83802  1022            
674.83778  1022            
675.83754  1022            
676.8373  1022            
677.83706  1022            
678.83682  1022            
679.83658  1022            
680.83634  1022            
681.8361  1022            
682.83586  1022            
683.83562  1022            
684.83538  1022            
685.83514  1022            
686.8349  1022            
687.83466  1022            
688.83441  1022            
689.83417  1022            
690.83393  1022            
691.83369  1022            
692.83345  1022            
693.83321  1022            
694.83297  1022            
695.83273  1022            
696.83249  1022            
697.83225  1022            
698.83201  1022            
699.83177  1022            
700.83153  1022            
701.83129  1022            
702.83105  1022            
703.83081  1019.122            
704.83057  928.37173            
705.83033  778.04989            
706.83009  676.93766            
707.82985  624.44459            
708.82961  619.20814            
709.82937  652.29267            
710.82913  749.659            
711.82889  899.46295            
712.82865  999.12733            
713.82841  1022            
714.82817  1022            
715.82793  1022            
716.82769  1022            
717.82745  1022            
718.8272  1022            
719.82696  1022            
720.82672  1022            
721.82648  1022            
722.82624  1022            
723.826  1022            
724.82576  1022            
725.82552  1022            
726.82528  1022            
727.82504  1022            
728.8248  1022            
729.82456  1022            
730.82432  1022            
731.82408  1022            
732.82384  1022            
733.8236  1022            
734.82336  1022            
735.82312  1022            
736.82288  1022            
737.82264  1022            
738.8224  1022            
739.82216  1022            
740.82192  1022            
741.82168  1022            
742.82144  1022            
743.8212  1022            
744.82096  1022            
745.82072  1022            
746.82048  1022            
747.82024  1022            
748.82  1022            
749.81975  1016.2311            
750.81951  976.46211            
751.81927  902.66925            
752.81903  907.88209            
753.81879  940.00383            
754.81855  993.65596            
755.81831  1020.7227            
756.81807  1022            
757.81783  1022            
758.81759  1022            
759.81735  1022            
760.81711  1022            
761.81687  1022            
762.81663  1022            
763.81639  1022            
764.81615  1022            
765.81591  1022            
766.81567  1022            
767.81543  1022            
768.81519  1022            
769.81495  1022            
770.81471  1022            
771.81447  1022            
772.81423  1022            
773.81399  1022            
774.81375  1022            
775.81351  1022            
776.81327  1022            
777.81303  1022            
778.81279  1022            
779.81255  1022            
780.8123  1022            
781.81206  1022            
782.81182  1022            
783.81158  1022            
784.81134  1022            
785.8111  1022            
786.81086  1022            
787.81062  1022            
788.81038  1022            
789.81014  1022            
790.8099  1022            
791.80966  1022            
792.80942  1020.0717            
793.80918  1004.7576            
794.80894  922.86484            
795.8087  820.31683            
796.80846  844.72819            
797.80822  932.54668            
798.80798  995.75523            
799.80774  1019.0887            
800.8075  1022            
801.80726  1022            
802.80702  1022            
803.80678  1022            
804.80654  1022            
805.8063  1022            
806.80606  1022            
807.80582  1022            
808.80558  1022            
809.80534  1022            
810.80509  1022            
811.80485  1022            
812.80461  1022            
813.80437  1022            
814.80413  1022            
815.80389  1022            
816.80365  1022            
817.80341  1022            
818.80317  1022            
819.80293  1022            
820.80269  1022            
821.80245  1022            
822.80221  1022            
823.80197  1022            
824.80173  1022            
825.80149  1022            
826.80125  1022            
827.80101  1022            
828.80077  1022            
829.80053  1022            
830.80029  1022            
831.80005  1022            
832.79981  1022            
833.79957  1022            
834.79933  1021.4728            
835.79909  975.21081            
836.79885  818.90315            
837.79861  662.08514            
838.79837  569.9915            
839.79813  513.00296            
840.79789  511.6016            
841.79764  585.34256            
842.7974  687.98906            
843.79716  824.69941            
844.79692  966.1636            
845.79668  1019.5129            
846.79644  1022            
847.7962  1022            
848.79596  1022            
849.79572  1022            
850.79548  1022            
851.79524  1022            
852.795  1022            
853.79476  1022            
854.79452  1022            
855.79428  1022            
856.79404  1022            
857.7938  1022            
858.79356  1022            
859.79332  1022            
860.79308  1022            
861.79284  1022            
862.7926  1022            
863.79236  1022            
864.79212  1022            
865.79188  1022            
866.79164  1022            
867.7914  1022            
868.79116  1022            
869.79092  1022            
870.79068  1022            
871.79043  1022            
872.79019  1022            
873.78995  1022            
874.78971  1022            
875.78947  1021.5502            
876.78923  920.87161            
877.78899  738.1969            
878.78875  572.93481            
879.78851  441.68291            
880.78827  334.72832            
881.78803  243.60791            
882.78779  185.89069            
883.78755  164.05153            
884.78731  157.25499            
885.78707  183.32248            
886.78683  237.48758            
887.78659  314.41773            
888.78635  405.06947            
889.78611  509.88295            
890.78587  641.53541            
891.78563  765.9242            
892.78539  897.51674            
893.78515  993.12386            
894.78491  1020.6214            
895.78467  1022            
896.78443  1022            
897.78419  1022            
898.78395  1022            
899.78371  1022            
900.78347  1022            
901.78323  1022            
902.78298  1022            
903.78274  1022            
904.7825  1022            
905.78226  1022            
906.78202  1022            
907.78178  1022            
908.78154  1022            
909.7813  1022            
910.78106  1022            
911.78082  1022            
912.78058  1022            
913.78034  993.97553            
914.7801  913.18368            
915.77986  801.4408            
916.77962  686.31506            
917.77938  570.24993            
918.77914  467.01366            
919.7789  381.69145            
920.77866  304.02837            
921.77842  222.86578            
922.77818  163.22618            
923.77794  117.99263            
924.7777  76.857987            
925.77746  46.68399            
926.77722  27.255761            
927.77698  19.144557            
928.77674  20.159704            
929.7765  27.777164            
930.77626  41.543379            
931.77602  60.968183            
932.77578  87.357586            
933.77553  114.68563            
934.77529  143.1936            
935.77505  171.79825            
936.77481  201.66639            
937.77457  236.13304            
938.77433  274.14344            
939.77409  298.38711            
940.77385  315.56827            
941.77361  336.22981            
942.77337  346.55233            
943.77313  360.20027            
944.77289  371.86964            
945.77265  369.92478            
946.77241  363.4649            
947.77217  353.72224            
948.77193  344.5731            
949.77169  342.05835            
950.77145  327.46061            
951.77121  306.59375            
952.77097  290.61612            
953.77073  272.93033            
954.77049  245.39782            
955.77025  216.30391            
956.77001  200.57179            
957.76977  178.79416            
958.76953  152.70041            
959.76929  134.66158            
960.76905  120.43349            
961.76881  103.68241            
962.76857  86.680839            
963.76832  75.553493            
964.76808  64.069274            
965.76784  58.755948            
966.7676  53.680766            
967.76736  46.584668            
968.76712  42.498732            
969.76688  39.554895            
970.76664  36.933389            
971.7664  35.966681            
972.76616  36.410719            
973.76592  34.957749            
974.76568  35.009086            
975.76544  35.700272            
976.7652  35.710867            
977.76496  35.644824            
978.76472  33.827846            
979.76448  33.164844            
980.76424  31.3089            
981.764  28.605483            
982.76376  27.645091            
983.76352  25.798159            
984.76328  22.290956            
985.76304  18.999372            
986.7628  16.607953            
987.76256  14.552892            
988.76232  11.438897            
989.76208  8.7311477            
990.76184  6.8533005            
991.7616  5.4831304            
992.76136  6.1788566            
993.76112  6.9444444            
994.76087  7.5716641            
995.76063  9.1549374            
996.76039  11.659657            
997.76015  13.459792            
998.75991  16.294834            
999.75967  21.337759            
1000.7594  25.971868            
1001.7592  28.839362            
1002.759  32.749459            
1003.7587  37.168623            
1004.7585  42.690265            
1005.7582  47.755147            
1006.758  50.604389            
1007.7578  55.943249            
1008.7575  60.92656            
1009.7573  62.812825            
1010.757  66.042845            
1011.7568  68.032785            
1012.7565  70.906653            
1013.7563  75.181941            
1014.7561  76.384843            
1015.7558  76.07838            
1016.7556  75.008585            
1017.7553  75.913002            
1018.7551  78.003598            
1019.7549  81.901766            
1020.7546  85.146599            
1021.7544  83.711014            
1022.7541  87.215793            
1023.7539  97.508091            
1024.7537  101.42989            
1025.7534  101.38749            
1026.7532  105.81823            
1027.7529  111.59805            
1028.7527  117.76893            
1029.7525  124.31162            
1030.7522  130.40223            
1031.752  138.48191            
1032.7517  143.6796            
1033.7515  149.62413            
1034.7513  156.92466            
1035.751  156.21175            
1036.7508  155.81283            
1037.7505  160.79034            
1038.7503  165.4409            
1039.7501  167.13891            
1040.7498  164.4916            
1041.7496  161.26941            
1042.7493  152.78178            
1043.7491  147.39805            
1044.7489  145.11568            
1045.7486  138.3362            
1046.7484  131.79043            
1047.7481  120.41869            
1048.7479  111.26814            
1049.7477  104.49703            
1050.7474  91.758211            
1051.7472  81.522357            
1052.7469  77.019133            
1053.7467  67.35292            
1054.7465  60.592492            
1055.7462  58.284714            
1056.746  55.358628            
1057.7457  52.493805            
1058.7455  52.338961            
1059.7453  49.800308            
1060.745  53.075963            
1061.7448  60.080636            
1062.7445  67.303252            
1063.7443  77.73034            
1064.7441  89.47558            
1065.7438  100.3997            
1066.7436  110.36307            
1067.7433  124.62366            
1068.7431  141.34239            
1069.7429  161.19482            
1070.7426  177.59311            
1071.7424  191.91831            
1072.7421  204.69225            
1073.7419  217.52411            
1074.7416  229.36788            
1075.7414  240.62041            
1076.7412  247.86773            
1077.7409  251.05612            
1078.7407  251.63175            
1079.7404  257.77334            
1080.7402  260.33247            
1081.74  253.10921            
1082.7397  248.76903            
1083.7395  246.4234            
1084.7392  235.64026            
1085.739  225.53453            
1086.7388  212.01877            
1087.7385  196.70108            
1088.7383  184.68031            
1089.738  172.2467            
1090.7378  150.9525            
1091.7376  127.21744            
1092.7373  108.79855            
1093.7371  97.863895            
1094.7368  82.836257            
1095.7366  66.289173            
1096.7364  53.854235            
1097.7361  40.82085            
1098.7359  30.303553            
1099.7356  23.419491            
1100.7354  16.883795            
1101.7352  13.288813            
1102.7349  12.29665            
1103.7347  13.498258            
1104.7344  17.466454            
1105.7342  19.681674            
1106.734  24.757337            
1107.7337  33.596011            
1108.7335  43.584895            
1109.7332  52.810342            
1110.733  63.356905            
1111.7328  75.099115            
1112.7325  88.33788            
1113.7323  104.83305            
1114.732  115.00549            
1115.7318  122.19482            
1116.7316  132.80538            
1117.7313  143.16612            
1118.7311  155.5244            
1119.7308  156.71736            
1120.7306  160.02194            
1121.7304  169.29931            
1122.7301  174.52141            
1123.7299  176.67049            
1124.7296  176.04444            
1125.7294  172.73157            
1126.7292  172.16663            
1127.7289  165.02461            
1128.7287  152.74818            
1129.7284  144.19625            
1130.7282  141.30512            
1131.728  128.5593            
1132.7277  114.04961            
1133.7275  107.65132            
1134.7272  94.931787            
1135.727  81.890524            
1136.7267  70.183296            
1137.7265  59.365757            
1138.7263  52.520061            
1139.726  43.318747            
1140.7258  35.6327            
1141.7255  28.909644            
1142.7253  21.821344            
1143.7251  17.019647            
1144.7248  14.068433            
1145.7246  13.080116            
1146.7243  12.002163            
1147.7241  10.516322            
1148.7239  11.052485            
1149.7236  11.424758            
1150.7234  12.632921            
1151.7231  16.02205            
1152.7229  18.834695            
1153.7227  20.278218            
1154.7224  22.420365            
1155.7222  25.938116            
1156.7219  28.777217            
1157.7217  30.715066            
1158.7215  32.75761            
1159.7212  36.402567            
1160.721  39.664183            
1161.7207  42.186994            
1162.7205  42.484639            
1163.7203  43.911793            
1164.72  46.244833            
1165.7198  43.993291            
1166.7195  42.35549            
1167.7193  42.80848            
1168.7191  42.925399            
1169.7188  42.386499            
1170.7186  41.306317            
1171.7183  40.741388            
1172.7181  39.226822            
1173.7179  40.627774            
1174.7176  41.712149            
1175.7174  38.869623            
1176.7171  38.170252            
1177.7169  37.843988            
1178.7167  38.10553            
1179.7164  37.864436            
1180.7162  37.957375            
1181.7159  37.704284            
1182.7157  37.326804            
1183.7155  35.064334            
1184.7152  34.418022            
1185.715  36.209605            
1186.7147  35.971702            
1187.7145  33.922708            
1188.7143  34.796163            
1189.714  35.035154            
1190.7138  33.716988            
1191.7135  32.086838            
1192.7133  33.844942            
1193.713  34.29442            
1194.7128  30.917127            
1195.7126  29.4949            
1196.7123  29.110984            
1197.7121  27.651586            
1198.7118  25.546016            
1199.7116  23.067111            
1200.7114  20.083153            
1201.7111  17.668489            
1202.7109  16.258879            
1203.7106  14.145838            
1204.7104  11.176767            
1205.7102  8.8067238            
1206.7099  7.4313667            
1207.7097  6.4268138            
1208.7094  5.461975            
1209.7092  4.9952736            
1210.709  5.0046997            
1211.7087  6.1095557            
1212.7085  8.0234319            
1213.7082  9.9118668            
1214.708  11.379262            
1215.7078  12.460046            
1216.7075  16.610243            
1217.7073  18.761128            
1218.707  18.484819            
1219.7068  20.984953            
1220.7066  23.802011            
1221.7063  26.311203            
1222.7061  28.236048            
1223.7058  29.261395            
1224.7056  30.770147            
1225.7054  30.649136            
1226.7051  29.71795            
1227.7049  31.191601            
1228.7046  33.008084            
1229.7044  31.98062            
1230.7042  30.184731            
1231.7039  31.184738            
1232.7037  29.878728            
1233.7034  28.173616            
1234.7032  27.150558            
1235.703  25.322806            
1236.7027  23.761235            
1237.7025  24.262157            
1238.7022  25.053693            
1239.702  23.030942            
1240.7018  20.630117            
1241.7015  18.678369            
1242.7013  16.237203            
1243.701  15.864743            
1244.7008  16.191888            
1245.7006  15.243892            
1246.7003  15.281777            
1247.7001  14.655411            
1248.6998  13.722222            
1249.6996  13.218904            
1250.6994  12.274687            
1251.6991  12.306617            
1252.6989  11.746515            
1253.6986  11.361745            
1254.6984  9.7395057            
1255.6981  7.9444444            
1256.6979  8.41666            
1257.6977  8.8333333            
1258.6974  7.3000214            
1259.6972  6.474966            
1260.6969  6.4141633            
1261.6967  5.9738912            
1262.6965  5.9411333            
1263.6962  5.9183089            
1264.696  5.9444444            
1265.6957  5.8856578            
1266.6955  5.4220139            
1267.6953  5.026189            
1268.695  4.5009947            
1269.6948  5.0237723            
1270.6945  5.3903375            
1271.6943  5.472082            
1272.6941  5.4170472            
1273.6938  3.9194171            
1274.6936  3.4976435            
1275.6933  3.9444444            
1276.6931  4.4708804            
1277.6929  4.4474819            
1278.6926  4.4675158            
1279.6924  4.8888889            
1280.6921  3.9255187            
1281.6919  3.5516102            
1282.6917  3.5041723            
1283.6914  3.5511562            
1284.6912  4            
1285.6909  4.4951467            
1286.6907  5.0026703            
1287.6905  4.5026636            
1288.6902  3.9709138            
1289.69  3.4502056            
1290.6897  4.0461428            
1291.6895  4.4771689            
1292.6893  3.4774093            
1293.689  3.0290195            
1294.6888  3.0265494            
1295.6885  3            
1296.6883  2.4783706            
1297.6881  3.0427782            
1298.6878  3.5078039            
1299.6876  3.981615            
1300.6873  3.8498491            
1301.6871  3.0311824            
1302.6869  4.0647881            
1303.6866  4.3956114            
1304.6864  3.4846725            
1305.6861  2.5916446            
1306.6859  2.5726455            
1307.6857  3.4901533            
1308.6854  2.9645918            
1309.6852  2.5740607            
1310.6849  3.5162354            
1311.6847  3.4551991            
1312.6845  3            
1313.6842  2.5112086            
1314.684  2.5728591            
1315.6837  3.5151673            
1316.6835  3.9731568            
1317.6832  2.9955339            
1318.683  2.5718978            
1319.6828  3.0268832            
1320.6825  3            
1321.6823  3.0286456            
1322.682  3.0269233            
1323.6818  3.5151406            
1324.6816  3.4850997            
1325.6813  3.5146599            
1326.6811  2.9997396            
1327.6808  2.0841211            
1328.6806  2.5679457            
1329.6804  2.5148402            
1330.6801  2.5690139            
1331.6799  3.5402614            
1332.6796  3.5440199            
1333.6794  3.0256549            
1334.6792  2.9729165            
1335.6789  2.9715413            
1336.6787  2.9728898            
1337.6784  3            
1338.6782  3.0284186            
1339.678  3.5100403            
1340.6777  3.4617814            
1341.6775  3.0283786            
1342.6772  3.0271903            
1343.677  3.5103341            
1344.6768  3.5182448            
1345.6765  3.5087586            
1346.6763  3.9727563            
1347.676  3.4623288            
1348.6758  3.481862            
1349.6756  3.9717282            
1350.6753  3.4640511            
1351.6751  3.4801664            
1352.6748  3.4645051            
1353.6746  3.4797124            
1354.6744  3.464959            
1355.6741  3.4510668            
1356.6739  3.4943924            
1357.6736  3.0829461            
1358.6734  3.0274039            
1359.6732  2.9718617            
1360.6729  2.9725694            
1361.6727  3            
1362.6724  3.4776696            
1363.6722  3.4670018            
1364.672  3.4491442            
1365.6717  3.4399583            
1366.6715  3            
1367.6712  2.5234652            
1368.671  2.5598814            
1369.6708  3.0275508            
1370.6705  3.5038452            
1371.6703  3.9720219            
1372.67  2.96568            
1373.6698  2.5031242            
1374.6696  2.972062            
1375.6693  2.4697255            
1376.6691  2.5024033            
1377.6688  3            
1378.6686  3.5019226            
1379.6683  3.4983177            
1380.6681  3            
1381.6679  3.5012016            
1382.6676  3.5268699            
1383.6674  3.5006409            
1384.6671  3.9722489            
1385.6669  2.9995193            
1386.6667  2.5            
