0  6.9762782            
0.99989958  6.8976695            
1.9997992  6.7883239            
2.9996987  6.8138877            
3.9995983  6.7825427            
4.9994979  6.4917693            
5.9993975  6.210104            
6.9992971  6.2159561            
7.9991967  6.205663            
8.9990962  6.140886            
9.9989958  6.0269349            
10.998895  5.7674874            
11.998795  5.5184278            
12.998695  5.3868544            
13.998594  5.3206621            
14.998494  5.3164858            
15.998393  5.2414244            
16.998293  5.0722618            
17.998192  4.8877205            
18.998092  4.7278957            
19.997992  4.5928455            
20.997891  4.5133396            
21.997791  4.3776948            
22.99769  4.2834896            
23.99759  4.1559613            
24.99749  4.0902661            
25.997389  4.0129498            
26.997289  4.0357173            
27.997188  4.0405612            
28.997088  4.0489133            
29.996987  4.033062            
30.996887  3.9802314            
31.996787  4.0421593            
32.996686  4.1436205            
33.996586  4.2395073            
34.996485  4.4813252            
35.996385  4.6191912            
36.996285  4.786348            
37.996184  4.9585027            
38.996084  5.2435924            
39.995983  5.4318817            
40.995883  5.6365412            
41.995782  5.8642449            
42.995682  6.1976586            
43.995582  6.6121726            
44.995481  7.1206152            
45.995381  7.5035186            
46.99528  7.9564177            
47.99518  8.3921274            
48.99508  8.8598152            
49.994979  9.3180381            
50.994879  10.03524            
51.994778  10.815437            
52.994678  11.577462            
53.994577  12.397419            
54.994477  13.159818            
55.994377  14.028049            
56.994276  14.873573            
57.994176  15.68153            
58.994075  16.639286            
59.993975  17.735329            
60.993875  18.86593            
61.993774  20.086245            
62.993674  21.349847            
63.993573  22.961839            
64.993473  24.324209            
65.993372  25.652698            
66.993272  27.173663            
67.993172  28.607534            
68.993071  30.038101            
69.992971  31.751098            
70.99287  33.585539            
71.99277  35.674834            
72.992669  37.372196            
73.992569  39.299594            
74.992469  41.319697            
75.992368  43.404558            
76.992268  45.687048            
77.992167  47.919714            
78.992067  49.781669            
79.991967  52.239802            
80.991866  54.949912            
81.991766  57.675986            
82.991665  60.464644            
83.991565  62.99174            
84.991464  65.312633            
85.991364  68.184759            
86.991264  71.423187            
87.991163  74.47757            
88.991063  77.797731            
89.990962  81.03222            
90.990862  84.745658            
91.990762  87.575573            
92.990661  91.007344            
93.990561  95.125937            
94.99046  98.897105            
95.99036  102.66048            
96.990259  106.14771            
97.990159  109.52197            
98.990059  114.42366            
99.989958  118.50998            
100.98986  121.5852            
101.98976  125.35947            
102.98966  129.87858            
103.98956  135.30965            
104.98946  139.55969            
105.98936  143.64138            
106.98926  147.9548            
107.98915  152.67808            
108.98905  157.17164            
109.98895  161.91852            
110.98885  167.16581            
111.98875  172.13867            
112.98865  177.02821            
113.98855  181.99181            
114.98845  186.54676            
115.98835  191.18665            
116.98825  196.26211            
117.98815  203.16992            
118.98805  209.77843            
119.98795  214.692            
120.98785  220.47343            
121.98775  226.08551            
122.98765  233.22383            
123.98755  239.83254            
124.98745  246.07167            
125.98735  251.74303            
126.98725  258.29479            
127.98715  263.66974            
128.98705  270.44807            
129.98695  276.37242            
130.98685  284.15836            
131.98674  290.3521            
132.98664  294.19129            
133.98654  300.61837            
134.98644  306.96093            
135.98634  313.39202            
136.98624  320.83991            
137.98614  326.96589            
138.98604  332.82622            
139.98594  341.43009            
140.98584  348.58101            
141.98574  354.44185            
142.98564  360.6232            
143.98554  368.83068            
144.98544  373.99921            
145.98534  380.429            
146.98524  387.83774            
147.98514  394.95283            
148.98504  402.92286            
149.98494  409.30547            
150.98484  418.2983            
151.98474  426.2414            
152.98464  432.60547            
153.98454  440.20944            
154.98444  446.63961            
155.98433  453.4105            
156.98423  460.26274            
157.98413  467.46093            
158.98403  475.19549            
159.98393  481.2762            
160.98383  489.1265            
161.98373  497.86945            
162.98363  502.2735            
163.98353  508.80553            
164.98343  516.78943            
165.98333  522.8386            
166.98323  530.0694            
167.98313  536.10335            
168.98303  544.82076            
169.98293  550.7904            
170.98283  556.38269            
171.98273  564.91148            
172.98263  568.78227            
173.98253  575.51551            
174.98243  586.76093            
175.98233  591.58597            
176.98223  596.16571            
177.98213  603.05036            
178.98203  612.71143            
179.98192  619.185            
180.98182  624.93404            
181.98172  631.33346            
182.98162  636.20526            
183.98152  646.16989            
184.98142  652.09535            
185.98132  657.36204            
186.98122  666.75102            
187.98112  672.23906            
188.98102  677.40217            
189.98092  689.01697            
190.98082  698.51695            
191.98072  704.07758            
192.98062  709.03449            
193.98052  711.75051            
194.98042  710.29765            
195.98032  712.76339            
196.98022  725.67574            
197.98012  729.52392            
198.98002  733.9835            
199.97992  743.21189            
200.97982  745.79493            
201.97972  753.20851            
202.97962  758.79309            
203.97951  764.85274            
204.97941  771.62131            
205.97931  772.29572            
206.97921  771.21141            
207.97911  781.66544            
208.97901  792.92694            
209.97891  794.5966            
210.97881  794.18661            
211.97871  796.15227            
212.97861  794.68245            
213.97851  799.83936            
214.97841  806.09702            
215.97831  811.34579            
216.97821  814.81352            
217.97811  815.538            
218.97801  819.66888            
219.97791  823.61067            
220.97781  828.33404            
221.97771  835.84356            
222.97761  844.33934            
223.97751  843.54006            
224.97741  839.80224            
225.97731  843.89376            
226.97721  853.01342            
227.9771  855.97679            
228.977  854.63478            
229.9769  857.07075            
230.9768  855.91079            
231.9767  862.86645            
232.9766  866.68489            
233.9765  863.9016            
234.9764  865.33516            
235.9763  868.29482            
236.9762  870.02517            
237.9761  869.22772            
238.976  871.40123            
239.9759  867.08544            
240.9758  868.54452            
241.9757  870.57514            
242.9756  869.90749            
243.9755  868.80024            
244.9754  865.72576            
245.9753  863.80461            
246.9752  861.62312            
247.9751  865.4561            
248.975  866.29553            
249.9749  866.41617            
250.9748  866.81367            
251.97469  862.00859            
252.97459  854.43089            
253.97449  852.42416            
254.97439  852.25591            
255.97429  846.46082            
256.97419  845.4545            
257.97409  840.33454            
258.97399  838.89396            
259.97389  837.20186            
260.97379  830.6773            
261.97369  829.78514            
262.97359  828.03799            
263.97349  821.77106            
264.97339  820.11649            
265.97329  819.21269            
266.97319  817.03218            
267.97309  812.05491            
268.97299  803.37032            
269.97289  799.40007            
270.97279  794.51794            
271.97269  784.24602            
272.97259  779.58945            
273.97249  779.33347            
274.97239  771.10538            
275.97228  762.24821            
276.97218  757.00888            
277.97208  753.33357            
278.97198  749.07303            
279.97188  748.02083            
280.97178  739.46196            
281.97168  730.54864            
282.97158  720.8866            
283.97148  716.02076            
284.97138  710.91446            
285.97128  701.89011            
286.97118  700.93283            
287.97108  691.15072            
288.97098  681.97079            
289.97088  679.50031            
290.97078  668.15363            
291.97068  658.49173            
292.97058  651.23278            
293.97048  648.29375            
294.97038  640.9452            
295.97028  629.85833            
296.97018  618.18368            
297.97008  606.53475            
298.96998  601.27179            
299.96987  591.1968            
300.96977  583.54252            
301.96967  577.83164            
302.96957  568.99232            
303.96947  558.59707            
304.96937  550.00083            
305.96927  545.03608            
306.96917  540.07108            
307.96907  533.235            
308.96897  522.47681            
309.96887  510.09476            
310.96877  502.96736            
311.96867  497.71204            
312.96857  487.37231            
313.96847  479.18937            
314.96837  473.52196            
315.96827  460.99075            
316.96817  452.49066            
317.96807  444.27396            
318.96797  436.1446            
319.96787  426.9658            
320.96777  417.92151            
321.96767  409.07908            
322.96757  400.18913            
323.96746  392.51003            
324.96736  385.15878            
325.96726  376.84191            
326.96716  366.15252            
327.96706  358.40328            
328.96696  350.21477            
329.96686  340.59913            
330.96676  332.90221            
331.96666  325.61728            
332.96656  316.53737            
333.96646  308.65119            
334.96636  300.47033            
335.96626  292.4            
336.96616  284.94081            
337.96606  277.04803            
338.96596  268.94258            
339.96586  260.60862            
340.96576  252.62181            
341.96566  245.92899            
342.96556  239.57503            
343.96546  232.1047            
344.96536  225.39668            
345.96526  217.86993            
346.96515  211.56561            
347.96505  204.70578            
348.96495  198.88616            
349.96485  192.92608            
350.96475  185.62107            
351.96465  179.07543            
352.96455  173.13349            
353.96445  167.35601            
354.96435  160.78612            
355.96425  155.77289            
356.96415  150.7186            
357.96405  144.73879            
358.96395  139.01743            
359.96385  133.56024            
360.96375  130.10519            
361.96365  124.90106            
362.96355  119.85531            
363.96345  114.96114            
364.96335  110.32705            
365.96325  105.83648            
366.96315  101.47029            
367.96305  97.629822            
368.96295  93.264738            
369.96285  89.028495            
370.96274  85.083872            
371.96264  80.810498            
372.96254  77.118966            
373.96244  74.19197            
374.96234  70.698444            
375.96224  67.374335            
376.96214  63.886238            
377.96204  60.623989            
378.96194  57.614881            
379.96184  54.478583            
380.96174  51.689413            
381.96164  49.203619            
382.96154  46.736283            
383.96144  44.179576            
384.96134  42.155472            
385.96124  40.199855            
386.96114  37.772972            
387.96104  35.716228            
388.96094  33.865273            
389.96084  31.662563            
390.96074  29.821367            
391.96064  28.507441            
392.96054  27.197125            
393.96044  25.335615            
394.96033  23.961616            
395.96023  22.693029            
396.96013  21.145524            
397.96003  20.031072            
398.95993  18.903244            
399.95983  17.625001            
400.95973  16.604092            
401.95963  15.611873            
402.95953  14.67104            
403.95943  13.970526            
404.95933  13.200769            
405.95923  12.405943            
406.95913  11.649803            
407.95903  10.915567            
408.95893  10.340947            
409.95883  9.6631324            
410.95873  9.1058514            
411.95863  8.7830257            
412.95853  8.3183071            
413.95843  7.7183718            
414.95833  7.4152738            
415.95823  7.0316781            
416.95813  6.6371597            
417.95803  6.2919935            
418.95792  6.1574034            
419.95782  6.0055046            
420.95772  5.6998304            
421.95762  5.4784311            
422.95752  5.3582554            
423.95742  5.1189238            
424.95732  4.9670992            
425.95722  4.9057012            
426.95712  4.7997071            
427.95702  4.6346169            
428.95692  4.4026339            
429.95682  4.4932503            
430.95672  4.5365683            
431.95662  4.505156            
432.95652  4.4997778            
433.95642  4.4572973            
434.95632  4.3785744            
435.95622  4.4051576            
436.95612  4.4761492            
437.95602  4.4982578            
438.95592  4.4583104            
439.95582  4.5982636            
440.95572  4.704427            
441.95562  4.6509042            
442.95551  4.7826958            
443.95541  4.7112215            
444.95531  4.5909207            
445.95521  4.7428615            
446.95511  4.7528458            
447.95501  4.7352979            
448.95491  4.938668            
449.95481  4.9357311            
450.95471  4.9078065            
451.95461  4.9361524            
452.95451  5.0549276            
453.95441  5.1255489            
454.95431  5.012653            
455.95421  5.0700571            
456.95411  5.0974113            
457.95401  5.0776353            
458.95391  5.1690794            
459.95381  5.1225103            
460.95371  5.1235743            
461.95361  5.2058422            
462.95351  5.2009685            
463.95341  5.0398825            
464.95331  5.0205079            
465.95321  5.07739            
466.9531  5.0730535            
467.953  4.9997741            
468.9529  4.9281968            
469.9528  4.8531361            
470.9527  4.8028946            
471.9526  4.8127853            
472.9525  4.7989562            
473.9524  4.7330094            
474.9523  4.7246797            
475.9522  4.699114            
476.9521  4.6620083            
477.952  4.6286553            
478.9519  4.649184            
479.9518  4.5615328            
480.9517  4.5010604            
481.9516  4.5607085            
482.9515  4.5441003            
483.9514  4.4975877            
484.9513  4.562011            
485.9512  4.5469466            
486.9511  4.4283819            
487.951  4.3525562            
488.9509  4.36912            
489.9508  4.3074827            
490.95069  4.3253891            
491.95059  4.2563637            
492.95049  4.2934863            
493.95039  4.3468156            
494.95029  4.2061            
495.95019  4.1920083            
496.95009  4.1864377            
497.94999  4.1577243            
498.94989  4.1747085            
499.94979  4.1400615            
500.94969  4.2135188            
501.94959  4.1459358            
502.94949  4.0803054            
503.94939  4.1661655            
504.94929  4.1537332            
505.94919  3.9985536            
506.94909  3.9644487            
507.94899  4.1414381            
508.94889  4.1621098            
509.94879  4.1031552            
510.94869  4.0509328            
511.94859  4.0579172            
512.94849  4.1713519            
513.94839  4.2086132            
514.94828  4.1931208            
515.94818  4.1542101            
516.94808  4.1728045            
517.94798  4.1965255            
518.94788  4.2249037            
519.94778  4.3534091            
520.94768  4.3536593            
521.94758  4.3105429            
522.94748  4.4641986            
523.94738  4.6030851            
524.94728  4.5116166            
525.94718  4.5043923            
526.94708  4.4915037            
527.94698  4.5361768            
528.94688  4.5884544            
529.94678  4.6157183            
530.94668  4.6051201            
531.94658  4.4693085            
532.94648  4.5665151            
533.94638  4.6441663            
534.94628  4.7474056            
535.94618  4.8726334            
536.94608  4.7772444            
537.94598  4.7830062            
538.94587  4.9243696            
539.94577  4.9758362            
540.94567  4.9684018            
541.94557  4.9634211            
542.94547  4.9511513            
543.94537  5.1475517            
544.94527  5.2059227            
545.94517  5.1432097            
546.94507  5.1351276            
547.94497  5.1698025            
548.94487  5.2737521            
549.94477  5.2828464            
550.94467  5.4317386            
551.94457  5.5318715            
552.94447  5.5472207            
553.94437  5.4400789            
554.94427  5.5533597            
555.94417  5.6225495            
556.94407  5.6169462            
557.94397  5.6405009            
558.94387  5.613917            
559.94377  5.6349594            
560.94367  5.7522019            
561.94357  5.7553938            
562.94346  5.8502281            
563.94336  5.9628021            
564.94326  5.8623625            
565.94316  5.9015825            
566.94306  5.9075379            
567.94296  5.7537606            
568.94286  5.8585114            
569.94276  5.8753188            
570.94266  5.8315902            
571.94256  5.8081602            
572.94246  5.7356284            
573.94236  5.719467            
574.94226  5.6752352            
575.94216  5.7042716            
576.94206  5.7902741            
577.94196  5.9110008            
578.94186  5.8305998            
579.94176  5.6520379            
580.94166  5.6654723            
581.94156  5.6866652            
582.94146  5.673829            
583.94136  5.4473148            
584.94126  5.3429804            
585.94116  5.222513            
586.94105  5.2728081            
587.94095  5.3674494            
588.94085  5.2935499            
589.94075  5.289815            
590.94065  5.3029654            
591.94055  5.069855            
592.94045  4.9344994            
593.94035  5.0608418            
594.94025  4.9857651            
595.94015  4.9040282            
596.94005  4.727046            
597.93995  4.6822805            
598.93985  4.7053793            
599.93975  4.5905531            
600.93965  4.509485            
601.93955  4.5192819            
602.93945  4.4386009            
603.93935  4.4381013            
604.93925  4.4444029            
605.93915  4.3869792            
606.93905  4.334948            
607.93895  4.3421955            
608.93885  4.213197            
609.93875  4.1410575            
610.93864  4.2403522            
611.93854  4.3366039            
612.93844  4.2333886            
613.93834  4.1633647            
614.93824  4.193916            
615.93814  4.2456101            
616.93804  4.117556            
617.93794  4.284808            
618.93784  4.402214            
619.93774  4.4158772            
620.93764  4.4543154            
621.93754  4.6220191            
622.93744  4.7074635            
623.93734  4.7861338            
624.93724  4.8983063            
625.93714  5.1140518            
626.93704  5.2605709            
627.93694  5.4401048            
628.93684  5.7289443            
629.93674  5.9570459            
630.93664  6.349218            
631.93654  6.7153932            
632.93644  7.1332426            
633.93634  7.6000054            
634.93623  7.9316925            
635.93613  8.308235            
636.93603  8.9876779            
637.93593  9.5654298            
638.93583  10.086022            
639.93573  10.83643            
640.93563  11.644025            
641.93553  12.33907            
642.93543  13.153983            
643.93533  14.048897            
644.93523  14.828922            
645.93513  15.827216            
646.93503  16.93977            
647.93493  18.094444            
648.93483  19.48055            
649.93473  20.810125            
650.93463  22.102752            
651.93453  23.550056            
652.93443  25.286273            
653.93433  26.922725            
654.93423  28.195508            
655.93413  30.147939            
656.93403  32.120011            
657.93393  33.654371            
658.93382  35.638477            
659.93372  37.981326            
660.93362  40.421669            
661.93352  43.034422            
662.93342  45.421804            
663.93332  47.855568            
664.93322  50.421912            
665.93312  53.388932            
666.93302  56.285638            
667.93292  59.400694            
668.93282  62.581135            
669.93272  66.014653            
670.93262  69.256588            
671.93252  73.015898            
672.93242  76.755725            
673.93232  80.318624            
674.93222  84.519823            
675.93212  88.674901            
676.93202  92.421615            
677.93192  96.55737            
678.93182  100.98034            
679.93172  105.6608            
680.93162  110.43017            
681.93152  114.74            
682.93141  120.13443            
683.93131  126.17591            
684.93121  131.07381            
685.93111  136.10939            
686.93101  142.19194            
687.93091  148.1254            
688.93081  153.13687            
689.93071  158.81031            
690.93061  165.82979            
691.93051  172.29382            
692.93041  178.38839            
693.93031  185.43781            
694.93021  192.96676            
695.93011  199.89525            
696.93001  205.84106            
697.92991  212.03773            
698.92981  219.85151            
699.92971  227.16613            
700.92961  234.49755            
701.92951  242.6208            
702.92941  248.60219            
703.92931  255.78409            
704.92921  264.48175            
705.9291  273.1835            
706.929  282.45927            
707.9289  291.97369            
708.9288  300.94996            
709.9287  308.13831            
710.9286  314.75679            
711.9285  322.78314            
712.9284  333.42314            
713.9283  341.93839            
714.9282  349.28256            
715.9281  358.10024            
716.928  367.27689            
717.9279  377.15135            
718.9278  386.5177            
719.9277  396.19419            
720.9276  407.67819            
721.9275  418.26063            
722.9274  426.97231            
723.9273  436.84968            
724.9272  445.11642            
725.9271  456.34063            
726.927  465.74231            
727.9269  473.91587            
728.9268  482.76518            
729.92669  493.88842            
730.92659  504.70879            
731.92649  514.30901            
732.92639  524.39912            
733.92629  534.11289            
734.92619  543.43179            
735.92609  549.54976            
736.92599  560.68905            
737.92589  571.82293            
738.92579  581.3438            
739.92569  591.19884            
740.92559  601.73612            
741.92549  612.37268            
742.92539  622.69282            
743.92529  632.03024            
744.92519  639.72238            
745.92509  648.25874            
746.92499  658.34218            
747.92489  669.42628            
748.92479  679.24068            
749.92469  689.89524            
750.92459  701.65189            
751.92449  709.97557            
752.92439  716.666            
753.92428  725.35903            
754.92418  734.37759            
755.92408  746.31794            
756.92398  758.31025            
757.92388  762.25608            
758.92378  770.51849            
759.92368  778.96617            
760.92358  788.0986            
761.92348  795.65795            
762.92338  805.38218            
763.92328  814.74474            
764.92318  820.05338            
765.92308  827.1293            
766.92298  832.78311            
767.92288  843.93006            
768.92278  849.52153            
769.92268  857.01734            
770.92258  862.19277            
771.92248  867.14781            
772.92238  874.62788            
773.92228  881.36864            
774.92218  884.82543            
775.92208  890.95518            
776.92198  898.65557            
777.92187  903.10145            
778.92177  907.45851            
779.92167  909.07662            
780.92157  913.64914            
781.92147  919.96506            
782.92137  924.27362            
783.92127  926.23575            
784.92117  930.15412            
785.92107  935.96928            
786.92097  941.7588            
787.92087  943.39884            
788.92077  947.89083            
789.92067  955.27626            
790.92057  962.00554            
791.92047  959.89314            
792.92037  960.25535            
793.92027  964.01517            
794.92017  965.71025            
795.92007  967.43247            
796.91997  969.05954            
797.91987  971.00304            
798.91977  972.59562            
799.91967  972.4859            
800.91957  971.88058            
801.91946  973.31476            
802.91936  977.37336            
803.91926  978.75225            
804.91916  983.23455            
805.91906  979.11192            
806.91896  976.63841            
807.91886  978.71221            
808.91876  978.84234            
809.91866  978.58584            
810.91856  978.71959            
811.91846  977.48572            
812.91836  977.17352            
813.91826  979.30692            
814.91816  975.96238            
815.91806  977.06271            
816.91796  977.40544            
817.91786  973.19337            
818.91776  973.8377            
819.91766  972.3044            
820.91756  969.75516            
821.91746  968.8823            
822.91736  968.83293            
823.91726  966.43183            
824.91716  962.78702            
825.91705  961.01879            
826.91695  959.1147            
827.91685  957.63239            
828.91675  954.87968            
829.91665  952.64313            
830.91655  950.69476            
831.91645  950.03002            
832.91635  947.01993            
833.91625  944.33171            
834.91615  942.46976            
835.91605  938.36939            
836.91595  935.51737            
837.91585  935.26895            
838.91575  929.56578            
839.91565  923.9003            
840.91555  924.25404            
841.91545  923.48846            
842.91535  915.00521            
843.91525  909.96898            
844.91515  907.71648            
845.91505  903.09644            
846.91495  898.40991            
847.91485  891.41207            
848.91475  885.59692            
849.91464  879.21157            
850.91454  871.40665            
851.91444  868.02449            
852.91434  865.03904            
853.91424  858.15231            
854.91414  849.67675            
855.91404  842.57415            
856.91394  836.71805            
857.91384  832.05706            
858.91374  826.88066            
859.91364  822.31259            
860.91354  814.68557            
861.91344  804.24249            
862.91334  797.89305            
863.91324  792.83163            
864.91314  782.6811            
865.91304  776.01971            
866.91294  770.95168            
867.91284  762.99512            
868.91274  755.24219            
869.91264  746.54147            
870.91254  739.34538            
871.91244  734.75404            
872.91234  725.55356            
873.91223  715.46544            
874.91213  708.12304            
875.91203  700.26949            
876.91193  690.00526            
877.91183  682.40875            
878.91173  674.34618            
879.91163  666.27073            
880.91153  657.64771            
881.91143  647.2192            
882.91133  637.93063            
883.91123  629.11632            
884.91113  620.10634            
885.91103  612.19286            
886.91093  602.99918            
887.91083  592.86581            
888.91073  582.81582            
889.91063  573.35758            
890.91053  564.79503            
891.91043  555.12958            
892.91033  544.25857            
893.91023  534.73066            
894.91013  524.27669            
895.91003  514.94297            
896.90993  506.07088            
897.90982  497.78382            
898.90972  487.81056            
899.90962  478.65694            
900.90952  469.36285            
901.90942  459.38731            
902.90932  449.73532            
903.90922  441.15268            
904.90912  431.19322            
905.90902  420.65083            
906.90892  413.06881            
907.90882  403.79064            
908.90872  394.22036            
909.90862  384.70037            
910.90852  374.69293            
911.90842  365.98678            
912.90832  357.7041            
913.90822  347.19959            
914.90812  338.31885            
915.90802  329.39372            
916.90792  321.09173            
917.90782  312.41204            
918.90772  302.76073            
919.90762  294.81648            
920.90752  288.26709            
921.90741  280.0391            
922.90731  270.37217            
923.90721  261.67451            
924.90711  253.7148            
925.90701  246.2337            
926.90691  238.33905            
927.90681  230.01818            
928.90671  222.04161            
929.90661  213.81504            
930.90651  206.09215            
931.90641  198.56408            
932.90631  191.07208            
933.90621  183.48752            
934.90611  177.40469            
935.90601  170.89527            
936.90591  163.37153            
937.90581  156.52041            
938.90571  150.56943            
939.90561  144.95584            
940.90551  138.9076            
941.90541  132.54043            
942.90531  126.70838            
943.90521  121.06005            
944.90511  115.5201            
945.905  110.32123            
946.9049  105.21367            
947.9048  99.985232            
948.9047  95.505952            
949.9046  90.673753            
950.9045  85.923137            
951.9044  81.354893            
952.9043  77.310168            
953.9042  72.838215            
954.9041  68.65464            
955.904  64.890042            
956.9039  61.433982            
957.9038  57.961871            
958.9037  54.50648            
959.9036  51.387946            
960.9035  47.992738            
961.9034  44.979178            
962.9033  42.298601            
963.9032  39.468281            
964.9031  36.907016            
965.903  34.236407            
966.9029  31.758329            
967.9028  29.484443            
968.9027  27.20862            
969.90259  25.236031            
970.90249  23.52626            
971.90239  21.794454            
972.90229  19.808765            
973.90219  18.248508            
974.90209  16.793826            
975.90199  15.421593            
976.90189  14.259379            
977.90179  12.939434            
978.90169  11.832987            
979.90159  10.972095            
980.90149  10.043095            
981.90139  9.0938201            
982.90129  8.3862357            
983.90119  7.726321            
984.90109  6.9446569            
985.90099  6.3579322            
986.90089  5.9633109            
987.90079  5.5972129            
988.90069  5.2840595            
989.90059  4.9496625            
990.90049  4.7345327            
991.90039  4.6094503            
992.90029  4.4942765            
993.90018  4.4803264            
994.90008  4.4326746            
995.89998  4.4573043            
996.89988  4.5307151            
997.89978  4.6267616            
998.89968  4.6967162            
999.89958  4.6929357            
1000.8995  4.8867559            
1001.8994  5.0826733            
1002.8993  5.2759293            
1003.8992  5.5599475            
1004.8991  5.8321431            
1005.899  6.1614271            
1006.8989  6.3646076            
1007.8988  6.489026            
1008.8987  6.8004161            
