0  5.5800399            
0.99978269  5.7488374            
1.9995654  5.62556            
2.9993481  5.6857085            
3.9991307  5.7344457            
4.9989134  5.867946            
5.9986961  5.8795437            
6.9984788  5.8761734            
7.9982615  6.0285033            
8.9980442  5.9693554            
9.9978269  6.1109131            
10.99761  6.0590532            
11.997392  6.245984            
12.997175  6.288216            
13.996958  6.2309053            
14.99674  6.4034024            
15.996523  6.3879458            
16.996306  6.3206201            
17.996088  6.3412816            
18.995871  6.3986441            
19.995654  6.4484235            
20.995436  6.3042158            
21.995219  6.2809302            
22.995002  6.5889157            
23.994784  6.7581037            
24.994567  6.7860435            
25.99435  6.7787627            
26.994133  6.8838173            
27.993915  6.841677            
28.993698  6.8187538            
29.993481  6.867368            
30.993263  6.848425            
31.993046  6.9346597            
32.992829  7.1296945            
33.992611  7.2508625            
34.992394  7.1577082            
35.992177  6.9539993            
36.991959  7.1845485            
37.991742  7.3662724            
38.991525  7.1896256            
39.991307  7.2868343            
40.99109  7.5194555            
41.990873  7.5923784            
42.990656  7.6863865            
43.990438  7.5694532            
44.990221  7.6624881            
45.990004  7.6209555            
46.989786  7.5143972            
47.989569  7.56128            
48.989352  7.7721444            
49.989134  7.8793305            
50.988917  7.6580817            
51.9887  7.7102578            
52.988482  7.7540627            
53.988265  7.7974654            
54.988048  7.8920761            
55.98783  7.9467209            
56.987613  8.1757273            
57.987396  8.3483396            
58.987178  8.4526465            
59.986961  8.4408615            
60.986744  8.4689587            
61.986527  8.4937261            
62.986309  8.5211491            
63.986092  8.6958692            
64.985875  8.8960106            
65.985657  8.9105818            
66.98544  8.9001026            
67.985223  8.9019773            
68.985005  9.0828454            
69.984788  8.9727122            
70.984571  9.0949714            
71.984353  9.0276085            
72.984136  9.1769201            
73.983919  9.1744295            
74.983701  9.1890485            
75.983484  9.3549651            
76.983267  9.6733302            
77.98305  9.5237417            
78.982832  9.4718937            
79.982615  9.6890231            
80.982398  9.8722835            
81.98218  9.8120479            
82.981963  10.110232            
83.981746  10.169878            
84.981528  10.183858            
85.981311  10.259025            
86.981094  10.345693            
87.980876  10.234415            
88.980659  10.308294            
89.980442  10.106791            
90.980224  10.000489            
91.980007  9.9644734            
92.97979  10.165593            
93.979573  10.393036            
94.979355  10.377783            
95.979138  10.247173            
96.978921  10.382729            
97.978703  10.507106            
98.978486  10.713877            
99.978269  10.902396            
100.97805  10.850419            
101.97783  10.981809            
102.97762  11.250731            
103.9774  11.483589            
104.97718  11.777567            
105.97696  11.801986            
106.97675  11.788205            
107.97653  11.837187            
108.97631  11.865798            
109.9761  11.821659            
110.97588  12.010607            
111.97566  12.030569            
112.97544  11.945423            
113.97523  12.048098            
114.97501  11.909364            
115.97479  12.027183            
116.97457  12.122729            
117.97436  12.25244            
118.97414  12.310889            
119.97392  12.744826            
120.97371  12.94499            
121.97349  13.069794            
122.97327  13.288636            
123.97305  13.336028            
124.97284  13.39821            
125.97262  13.682192            
126.9724  13.783997            
127.97218  14.02232            
128.97197  14.366484            
129.97175  14.590044            
130.97153  14.333491            
131.97131  14.393853            
132.9711  14.396263            
133.97088  13.951175            
134.97066  13.939417            
135.97045  14.055452            
136.97023  14.041243            
137.97001  14.150975            
138.96979  14.137698            
139.96958  14.42172            
140.96936  14.511737            
141.96914  14.698817            
142.96892  14.705631            
143.96871  14.683068            
144.96849  14.772088            
145.96827  14.829461            
146.96805  15.276456            
147.96784  15.401637            
148.96762  15.424217            
149.9674  15.615388            
150.96719  15.700364            
151.96697  15.573316            
152.96675  15.548003            
153.96653  15.618703            
154.96632  15.479452            
155.9661  15.895792            
156.96588  16.043106            
157.96566  15.98523            
158.96545  16.103986            
159.96523  15.999323            
160.96501  16.052832            
161.9648  16.083503            
162.96458  16.164184            
163.96436  16.336644            
164.96414  16.507169            
165.96393  16.635464            
166.96371  16.983409            
167.96349  17.239853            
168.96327  17.312611            
169.96306  17.347372            
170.96284  17.253665            
171.96262  17.402391            
172.9624  17.567235            
173.96219  17.670286            
174.96197  18.176491            
175.96175  18.367093            
176.96154  18.493849            
177.96132  18.806026            
178.9611  18.937347            
179.96088  18.842033            
180.96067  18.929309            
181.96045  19.102174            
182.96023  19.174621            
183.96001  19.398696            
184.9598  19.323346            
185.95958  19.565966            
186.95936  19.671001            
187.95915  19.564612            
188.95893  19.715136            
189.95871  19.455109            
190.95849  19.549396            
191.95828  19.497974            
192.95806  19.846109            
193.95784  19.949309            
194.95762  20.473984            
195.95741  20.773349            
196.95719  20.874533            
197.95697  20.886604            
198.95675  20.687102            
199.95654  21.037278            
200.95632  21.159475            
201.9561  21.389678            
202.95589  21.71604            
203.95567  21.867235            
204.95545  21.839123            
205.95523  21.778327            
206.95502  21.924674            
207.9548  21.553173            
208.95458  21.585883            
209.95436  21.373404            
210.95415  21.621253            
211.95393  21.702067            
212.95371  21.558981            
213.95349  21.775462            
214.95328  22.572333            
215.95306  22.267965            
216.95284  22.442384            
217.95263  22.317842            
218.95241  22.644084            
219.95219  22.866936            
220.95197  22.884169            
221.95176  23.173154            
222.95154  23.959703            
223.95132  24.0943            
224.9511  24.2368            
225.95089  24.038262            
226.95067  23.94898            
227.95045  23.714639            
228.95024  23.382416            
229.95002  23.348049            
230.9498  23.835961            
231.94958  23.706181            
232.94937  23.670308            
233.94915  23.616681            
234.94893  23.478098            
235.94871  23.660653            
236.9485  23.602262            
237.94828  23.894929            
238.94806  24.238188            
239.94784  24.332521            
240.94763  24.746262            
241.94741  25.318609            
242.94719  25.539583            
243.94698  26.168739            
244.94676  26.866318            
245.94654  26.862953            
246.94632  27.15179            
247.94611  27.16269            
248.94589  27.497665            
249.94567  27.888104            
250.94545  27.981011            
251.94524  28.322887            
252.94502  27.896433            
253.9448  27.724414            
254.94458  28.128998            
255.94437  27.999131            
256.94415  27.247789            
257.94393  27.453192            
258.94372  27.987864            
259.9435  28.002214            
260.94328  27.706008            
261.94306  27.837312            
262.94285  28.172863            
263.94263  28.185772            
264.94241  28.55259            
265.94219  28.645141            
266.94198  28.9128            
267.94176  29.078048            
268.94154  29.48156            
269.94133  29.756305            
270.94111  30.427831            
271.94089  30.613411            
272.94067  30.457357            
273.94046  30.405893            
274.94024  30.169971            
275.94002  30.418576            
276.9398  30.713665            
277.93959  30.372152            
278.93937  30.507966            
279.93915  30.702445            
280.93893  30.337314            
281.93872  30.125462            
282.9385  30.07109            
283.93828  30.321671            
284.93807  30.882324            
285.93785  31.156107            
286.93763  31.326831            
287.93741  31.596523            
288.9372  31.736473            
289.93698  32.325823            
290.93676  32.599244            
291.93654  32.357736            
292.93633  32.786092            
293.93611  32.856982            
294.93589  33.106249            
295.93568  33.210507            
296.93546  33.017551            
297.93524  33.165941            
298.93502  33.158475            
299.93481  33.347732            
300.93459  32.918506            
301.93437  33.022313            
302.93415  33.074145            
303.93394  32.997329            
304.93372  33.469367            
305.9335  33.184651            
306.93328  33.26766            
307.93307  33.656406            
308.93285  34.008426            
309.93263  33.838677            
310.93242  33.623825            
311.9322  33.594171            
312.93198  33.583386            
313.93176  34.446382            
314.93155  34.265818            
315.93133  34.352918            
316.93111  34.706043            
317.93089  34.486316            
318.93068  35.192979            
319.93046  35.01617            
320.93024  34.857459            
321.93002  34.941358            
322.92981  35.473934            
323.92959  35.765771            
324.92937  35.975647            
325.92916  36.89057            
326.92894  36.420993            
327.92872  36.532634            
328.9285  36.381563            
329.92829  36.392357            
330.92807  37.118943            
331.92785  37.0866            
332.92763  37.25799            
333.92742  37.393385            
334.9272  37.686549            
335.92698  38.125658            
336.92677  38.228338            
337.92655  37.985467            
338.92633  38.329072            
339.92611  37.809533            
340.9259  37.915135            
341.92568  38.145961            
342.92546  38.376638            
343.92524  38.205314            
344.92503  38.504239            
345.92481  38.373241            
346.92459  38.553642            
347.92437  38.373266            
348.92416  38.408289            
349.92394  38.777036            
350.92372  38.800804            
351.92351  39.208963            
352.92329  38.912748            
353.92307  39.843487            
354.92285  39.987919            
355.92264  40.184832            
356.92242  40.124282            
357.9222  39.890987            
358.92198  40.406487            
359.92177  40.439761            
360.92155  40.701646            
361.92133  40.381904            
362.92112  41.176105            
363.9209  41.423501            
364.92068  41.239305            
365.92046  41.100667            
366.92025  40.857541            
367.92003  41.257952            
368.91981  41.237061            
369.91959  41.220565            
370.91938  41.670331            
371.91916  41.4656            
372.91894  41.962619            
373.91872  42.103297            
374.91851  41.769918            
375.91829  42.07933            
376.91807  41.851649            
377.91786  42.387223            
378.91764  42.055039            
379.91742  42.264978            
380.9172  42.605208            
381.91699  42.928863            
382.91677  43.35385            
383.91655  43.592796            
384.91633  43.378193            
385.91612  43.565966            
386.9159  43.350272            
387.91568  43.537978            
388.91546  44.087261            
389.91525  44.384767            
390.91503  44.218594            
391.91481  44.131068            
392.9146  44.056172            
393.91438  44.072342            
394.91416  44.216846            
395.91394  43.937261            
396.91373  44.316548            
397.91351  44.652993            
398.91329  44.2457            
399.91307  44.780833            
400.91286  44.696769            
401.91264  44.593915            
402.91242  44.48346            
403.91221  44.331326            
404.91199  44.357787            
405.91177  44.714498            
406.91155  44.781653            
407.91134  44.622897            
408.91112  44.728048            
409.9109  45.262021            
410.91068  45.303514            
411.91047  45.416225            
412.91025  45.53418            
413.91003  45.264041            
414.90981  45.720405            
415.9096  45.738297            
416.90938  46.082842            
417.90916  46.641942            
418.90895  46.235253            
419.90873  46.683266            
420.90851  46.850876            
421.90829  46.807018            
422.90808  46.945593            
423.90786  46.599201            
424.90764  47.029205            
425.90742  46.865139            
426.90721  47.354494            
427.90699  47.329212            
428.90677  47.232531            
429.90656  46.835823            
430.90634  47.505493            
431.90612  46.850499            
432.9059  47.164616            
433.90569  46.846447            
434.90547  46.874285            
435.90525  46.929793            
436.90503  47.276079            
437.90482  47.579768            
438.9046  47.616843            
439.90438  47.656033            
440.90416  47.926609            
441.90395  47.292851            
442.90373  47.352415            
443.90351  47.397077            
444.9033  47.66801            
445.90308  47.838487            
446.90286  48.196422            
447.90264  48.741638            
448.90243  48.707255            
449.90221  49.023358            
450.90199  48.889652            
451.90177  49.043188            
452.90156  48.673356            
453.90134  48.799639            
454.90112  48.604811            
455.9009  48.65394            
456.90069  48.264785            
457.90047  48.609566            
458.90025  48.915215            
459.90004  48.278171            
460.89982  48.394346            
461.8996  47.773431            
462.89938  47.522968            
463.89917  47.628552            
464.89895  47.546564            
465.89873  47.774615            
466.89851  47.416188            
467.8983  47.922966            
468.89808  48.33637            
469.89786  48.19831            
470.89765  48.032294            
471.89743  48.225654            
472.89721  48.281114            
473.89699  48.081746            
474.89678  48.369219            
475.89656  48.71017            
476.89634  49.071493            
477.89612  49.38864            
478.89591  49.222014            
479.89569  49.860255            
480.89547  49.308236            
481.89525  49.115039            
482.89504  49.449236            
483.89482  49.778693            
484.8946  49.37591            
485.89439  49.600458            
486.89417  49.83843            
487.89395  49.708029            
488.89373  49.601997            
489.89352  49.860088            
490.8933  49.486432            
491.89308  49.27777            
492.89286  49.342984            
493.89265  49.588103            
494.89243  49.190476            
495.89221  49.710991            
496.892  50.423754            
497.89178  50.092994            
498.89156  50.194045            
499.89134  49.777906            
500.89113  50.303745            
501.89091  50.276121            
502.89069  50.053712            
503.89047  50.041966            
504.89026  50.034981            
505.89004  50.032766            
506.88982  50.671923            
507.8896  50.508419            
508.88939  50.381347            
509.88917  50.414557            
510.88895  50.5983            
511.88874  50.917319            
512.88852  50.827717            
513.8883  50.86452            
514.88808  51.023909            
515.88787  50.95633            
516.88765  50.760027            
517.88743  50.769919            
518.88721  50.845068            
519.887  50.418383            
520.88678  50.645526            
521.88656  50.477099            
522.88634  50.781019            
523.88613  51.283692            
524.88591  51.633608            
525.88569  51.692064            
526.88548  51.861054            
527.88526  51.515331            
528.88504  51.806158            
529.88482  51.653345            
530.88461  51.725367            
531.88439  51.728246            
532.88417  52.047503            
533.88395  52.467367            
534.88374  52.466794            
535.88352  52.868531            
536.8833  52.735429            
537.88309  52.864762            
538.88287  52.877855            
539.88265  52.701924            
540.88243  52.498412            
541.88222  52.867146            
542.882  53.085085            
543.88178  52.600343            
544.88156  52.627992            
545.88135  52.79183            
546.88113  52.663042            
547.88091  52.652809            
548.88069  52.995681            
549.88048  53.421793            
550.88026  52.768422            
551.88004  52.642663            
552.87983  52.328215            
553.87961  52.898517            
554.87939  53.402922            
555.87917  53.387794            
556.87896  53.342334            
557.87874  53.943338            
558.87852  53.727287            
559.8783  53.776458            
560.87809  53.880711            
561.87787  53.935579            
562.87765  54.00764            
563.87744  54.214917            
564.87722  54.23284            
565.877  54.471934            
566.87678  54.349154            
567.87657  54.525988            
568.87635  54.89232            
569.87613  54.70085            
570.87591  54.10952            
571.8757  53.677519            
572.87548  53.445958            
573.87526  53.51213            
574.87504  53.239919            
575.87483  53.674319            
576.87461  53.268708            
577.87439  53.441852            
578.87418  53.271608            
579.87396  53.660989            
580.87374  53.367298            
581.87352  54.404882            
582.87331  53.920741            
583.87309  53.410952            
584.87287  53.453152            
585.87265  54.334198            
586.87244  54.106426            
587.87222  54.201257            
588.872  54.343607            
589.87178  53.859608            
590.87157  54.201751            
591.87135  53.567344            
592.87113  53.747962            
593.87092  53.892375            
594.8707  54.387839            
595.87048  53.948571            
596.87026  54.715965            
597.87005  54.01149            
598.86983  54.151359            
599.86961  53.961021            
600.86939  53.611059            
601.86918  53.772132            
602.86896  54.25296            
603.86874  53.892256            
604.86853  53.813097            
605.86831  54.38841            
606.86809  54.961698            
607.86787  54.527854            
608.86766  54.294588            
609.86744  54.275531            
610.86722  54.085895            
611.867  54.081425            
612.86679  54.232319            
613.86657  54.078842            
614.86635  55.065655            
615.86613  54.910611            
616.86592  55.112747            
617.8657  55.080944            
618.86548  55.043198            
619.86527  54.863394            
620.86505  54.658709            
621.86483  54.763528            
622.86461  54.82738            
623.8644  54.923973            
624.86418  55.150394            
625.86396  54.741463            
626.86374  54.797907            
627.86353  54.763325            
628.86331  54.328516            
629.86309  54.137564            
630.86287  54.00377            
631.86266  53.777038            
632.86244  53.554793            
633.86222  54.18579            
634.86201  54.017299            
635.86179  54.431995            
636.86157  53.809956            
637.86135  54.154655            
638.86114  53.749993            
639.86092  54.365537            
640.8607  53.505016            
641.86048  53.90887            
642.86027  53.951339            
643.86005  54.353407            
644.85983  54.870416            
645.85962  54.793577            
646.8594  54.925538            
647.85918  54.79628            
648.85896  54.901717            
649.85875  54.569366            
650.85853  54.443187            
651.85831  54.352627            
652.85809  54.589022            
653.85788  54.979826            
654.85766  54.464876            
655.85744  54.646662            
656.85722  54.591424            
657.85701  54.389927            
658.85679  54.240413            
659.85657  53.802536            
660.85636  53.845639            
661.85614  53.539063            
662.85592  53.069073            
663.8557  53.514003            
664.85549  52.823951            
665.85527  53.214843            
666.85505  53.003864            
667.85483  52.88026            
668.85462  52.6767            
669.8544  52.887288            
670.85418  52.898427            
671.85397  52.741896            
672.85375  52.746255            
673.85353  52.957427            
674.85331  53.635303            
675.8531  53.344561            
676.85288  53.16988            
677.85266  53.373955            
678.85244  53.439693            
679.85223  53.787876            
680.85201  53.403879            
681.85179  53.888388            
682.85157  53.999541            
683.85136  53.752571            
684.85114  54.900412            
685.85092  54.362455            
686.85071  54.255092            
687.85049  54.39723            
688.85027  54.00608            
689.85005  54.543734            
690.84984  54.44041            
691.84962  54.21207            
692.8494  54.337797            
693.84918  54.028577            
694.84897  53.454333            
695.84875  53.764606            
696.84853  53.476082            
697.84831  54.085783            
698.8481  53.844821            
699.84788  53.062876            
700.84766  53.38884            
701.84745  53.212699            
702.84723  53.236397            
703.84701  53.530149            
704.84679  52.740085            
705.84658  53.614692            
706.84636  53.08027            
707.84614  52.978126            
708.84592  53.277245            
709.84571  53.611957            
710.84549  53.525592            
711.84527  53.747208            
712.84506  54.400945            
713.84484  54.871258            
714.84462  54.693142            
715.8444  54.659006            
716.84419  54.343291            
717.84397  54.372605            
718.84375  54.659936            
719.84353  54.976473            
720.84332  55.198709            
721.8431  55.220328            
722.84288  55.523577            
723.84266  54.969143            
724.84245  55.170264            
725.84223  55.409113            
726.84201  54.968656            
727.8418  55.223656            
728.84158  54.937921            
729.84136  55.023611            
730.84114  55.685028            
731.84093  55.320673            
732.84071  54.53869            
733.84049  54.376746            
734.84027  53.987758            
735.84006  53.337412            
736.83984  53.99683            
737.83962  53.313533            
738.83941  53.568038            
739.83919  52.838236            
740.83897  53.077096            
741.83875  52.541706            
742.83854  52.383986            
743.83832  52.460166            
744.8381  52.231424            
745.83788  52.150356            
746.83767  51.992884            
747.83745  52.057796            
748.83723  52.315425            
749.83701  52.557077            
750.8368  52.38501            
751.83658  52.41987            
752.83636  52.446711            
753.83615  52.640795            
754.83593  52.447727            
755.83571  52.904088            
756.83549  52.736603            
757.83528  52.78986            
758.83506  53.571285            
759.83484  53.466159            
760.83462  53.088267            
761.83441  53.006271            
762.83419  53.004272            
763.83397  53.328126            
764.83375  53.196183            
765.83354  52.851137            
766.83332  53.236232            
767.8331  53.862349            
768.83289  53.848961            
769.83267  53.43538            
770.83245  53.329534            
771.83223  53.127898            
772.83202  52.845534            
773.8318  52.810034            
774.83158  53.000989            
775.83136  52.813139            
776.83115  52.942662            
777.83093  52.744276            
778.83071  52.195753            
779.8305  52.924009            
780.83028  52.674823            
781.83006  52.4769            
782.82984  52.179115            
783.82963  52.185034            
784.82941  51.956328            
785.82919  52.035974            
786.82897  52.09538            
787.82876  51.786478            
788.82854  52.042775            
789.82832  52.013097            
790.8281  52.085785            
791.82789  51.583061            
792.82767  51.224844            
793.82745  51.825116            
794.82724  51.403369            
795.82702  51.533329            
796.8268  51.977449            
797.82658  51.798481            
798.82637  51.902419            
799.82615  51.770904            
800.82593  51.809001            
801.82571  51.567488            
802.8255  51.380678            
803.82528  51.350382            
804.82506  51.41593            
805.82485  51.55651            
806.82463  51.699066            
807.82441  51.707304            
808.82419  51.774654            
809.82398  51.761041            
810.82376  51.724166            
811.82354  51.722386            
812.82332  51.598493            
813.82311  51.932171            
814.82289  51.807439            
815.82267  52.100066            
816.82245  52.038947            
817.82224  52.398696            
818.82202  52.749224            
819.8218  52.77299            
820.82159  52.839331            
821.82137  52.900935            
822.82115  52.779464            
823.82093  52.887186            
824.82072  52.985953            
825.8205  53.767009            
826.82028  54.107721            
827.82006  54.359518            
828.81985  54.266436            
829.81963  54.283066            
830.81941  54.429274            
831.81919  54.404334            
832.81898  54.715889            
833.81876  55.030122            
834.81854  55.000542            
835.81833  55.37994            
836.81811  55.344382            
837.81789  55.314259            
838.81767  55.465179            
839.81746  55.235828            
840.81724  55.466529            
841.81702  55.349702            
842.8168  55.411141            
843.81659  55.345423            
844.81637  55.880193            
845.81615  55.43242            
846.81594  55.615453            
847.81572  55.407494            
848.8155  55.822784            
849.81528  55.633867            
850.81507  55.357926            
851.81485  55.543751            
852.81463  55.354733            
853.81441  55.257212            
854.8142  55.05466            
855.81398  54.582673            
856.81376  54.652729            
857.81354  54.805149            
858.81333  54.529689            
859.81311  54.46392            
860.81289  54.370325            
861.81268  54.382168            
862.81246  54.565757            
863.81224  54.487223            
864.81202  54.700443            
865.81181  54.452999            
866.81159  54.566516            
867.81137  54.62901            
868.81115  54.426583            
869.81094  54.416421            
870.81072  54.58812            
871.8105  54.636764            
872.81029  54.502228            
873.81007  54.180923            
874.80985  54.671191            
875.80963  54.065563            
876.80942  54.088048            
877.8092  53.919353            
878.80898  53.703553            
879.80876  54.545031            
880.80855  54.34997            
881.80833  54.389207            
882.80811  54.659175            
883.80789  54.236435            
884.80768  54.199981            
885.80746  54.480252            
886.80724  54.714827            
887.80703  54.972553            
888.80681  55.227135            
889.80659  55.145752            
890.80637  54.706029            
891.80616  54.77315            
892.80594  55.044638            
893.80572  55.272983            
894.8055  55.102902            
895.80529  54.89409            
896.80507  54.867132            
897.80485  55.178576            
898.80463  55.586846            
899.80442  55.485961            
900.8042  55.533854            
901.80398  55.941484            
902.80377  56.219801            
903.80355  56.493441            
904.80333  56.576192            
905.80311  56.552381            
906.8029  55.744969            
907.80268  57.052082            
908.80246  56.582006            
909.80224  56.915487            
910.80203  56.857975            
911.80181  57.232615            
912.80159  56.861234            
913.80138  57.085246            
914.80116  57.739765            
915.80094  57.450331            
916.80072  57.065762            
917.80051  57.197405            
918.80029  57.359672            
919.80007  57.452508            
920.79985  57.407494            
921.79964  57.702458            
922.79942  58.028069            
923.7992  57.73952            
924.79898  57.587876            
925.79877  57.168175            
926.79855  57.760824            
927.79833  57.335466            
928.79812  57.256538            
929.7979  56.945329            
930.79768  57.02958            
931.79746  56.854429            
932.79725  57.110919            
933.79703  56.880477            
934.79681  56.348186            
935.79659  56.54679            
936.79638  56.074556            
937.79616  55.773735            
938.79594  56.004506            
939.79573  55.862553            
940.79551  55.572778            
941.79529  55.957632            
942.79507  55.569272            
943.79486  55.920372            
944.79464  55.699711            
945.79442  54.985689            
946.7942  55.309997            
947.79399  54.706536            
948.79377  55.064729            
949.79355  55.02178            
950.79333  55.239325            
951.79312  55.87467            
952.7929  55.779761            
953.79268  55.823811            
954.79247  55.606559            
955.79225  55.528001            
956.79203  55.674205            
957.79181  55.882223            
958.7916  55.727843            
959.79138  56.173687            
960.79116  56.237196            
961.79094  56.908349            
962.79073  56.755087            
963.79051  57.15183            
964.79029  57.261263            
965.79007  57.8058            
966.78986  57.76692            
967.78964  57.845534            
968.78942  57.918678            
969.78921  58.002093            
970.78899  59.17191            
971.78877  58.891872            
972.78855  59.064492            
973.78834  58.644467            
974.78812  59.490224            
975.7879  59.394467            
976.78768  59.662027            
977.78747  59.860586            
978.78725  60.081364            
979.78703  60.355032            
980.78682  60.329973            
981.7866  60.862086            
982.78638  60.805726            
983.78616  60.652253            
984.78595  60.389486            
985.78573  60.265451            
986.78551  60.218062            
987.78529  60.020223            
988.78508  60.492701            
989.78486  60.434636            
990.78464  60.365891            
991.78442  60.3253            
992.78421  60.364059            
993.78399  60.046474            
994.78377  60.302906            
995.78356  59.97839            
996.78334  59.666723            
997.78312  59.382862            
998.7829  59.320173            
999.78269  59.028409            
1000.7825  59.236295            
1001.7823  58.961298            
1002.782  59.43774            
1003.7818  59.054357            
1004.7816  59.418456            
1005.7814  58.908523            
1006.7812  59.008357            
1007.7809  58.730018            
1008.7807  58.875747            
1009.7805  58.893862            
1010.7803  58.977625            
1011.7801  58.997762            
1012.7799  58.832169            
1013.7796  59.114025            
1014.7794  58.659369            
1015.7792  58.655744            
1016.779  59.439371            
1017.7788  59.088228            
1018.7786  58.926976            
1019.7783  59.156989            
1020.7781  59.535671            
1021.7779  59.498567            
1022.7777  59.749078            
1023.7775  60.054666            
1024.7773  59.928665            
1025.777  59.867171            
1026.7768  60.468823            
1027.7766  60.508177            
1028.7764  60.737653            
1029.7762  60.962699            
1030.7759  60.988716            
1031.7757  61.757287            
1032.7755  61.935576            
1033.7753  62.072413            
1034.7751  62.138705            
1035.7749  62.116166            
1036.7746  62.716508            
1037.7744  62.496552            
1038.7742  62.763008            
1039.774  62.987578            
1040.7738  63.079226            
1041.7736  62.946742            
1042.7733  62.787481            
1043.7731  62.980762            
1044.7729  62.997929            
1045.7727  63.2825            
1046.7725  63.42957            
1047.7723  63.125759            
1048.772  62.685676            
1049.7718  62.58453            
1050.7716  62.765684            
1051.7714  62.754043            
1052.7712  62.821311            
1053.771  62.717373            
1054.7707  63.136961            
1055.7705  62.497605            
1056.7703  62.393775            
1057.7701  62.452212            
1058.7699  62.021641            
1059.7696  61.827511            
1060.7694  61.977237            
1061.7692  61.623117            
1062.769  61.429387            
1063.7688  61.833764            
1064.7686  61.813358            
1065.7683  61.508277            
1066.7681  61.536013            
1067.7679  61.074461            
1068.7677  60.379604            
1069.7675  60.494091            
1070.7673  60.443083            
1071.767  60.440371            
1072.7668  60.098358            
1073.7666  60.161548            
1074.7664  60.051239            
1075.7662  60.100673            
1076.766  60.049191            
1077.7657  59.559847            
1078.7655  59.347675            
1079.7653  59.27689            
1080.7651  59.079444            
1081.7649  59.016832            
1082.7646  59.516859            
1083.7644  59.264155            
1084.7642  59.044519            
1085.764  58.925853            
1086.7638  58.826827            
1087.7636  58.738994            
1088.7633  58.637764            
1089.7631  58.586802            
1090.7629  58.476969            
1091.7627  58.304779            
1092.7625  58.351781            
1093.7623  58.08441            
1094.762  58.392026            
1095.7618  58.534523            
1096.7616  58.098993            
1097.7614  58.789335            
1098.7612  58.928359            
1099.761  58.247557            
1100.7607  58.586011            
1101.7605  57.414894            
1102.7603  57.737801            
1103.7601  58.042669            
1104.7599  58.216816            
1105.7597  58.473136            
1106.7594  58.34869            
1107.7592  59.090562            
1108.759  58.414183            
1109.7588  58.650542            
1110.7586  58.552208            
1111.7583  58.931104            
1112.7581  58.528714            
1113.7579  58.976113            
1114.7577  58.916582            
1115.7575  60.123498            
1116.7573  59.742742            
1117.757  60.127379            
1118.7568  60.20214            
1119.7566  60.268451            
1120.7564  60.171163            
1121.7562  60.309035            
1122.756  60.380076            
1123.7557  60.090361            
1124.7555  60.69271            
1125.7553  61.154141            
1126.7551  60.84394            
1127.7549  61.480488            
1128.7547  61.446223            
1129.7544  61.104774            
1130.7542  61.777569            
1131.754  60.940498            
1132.7538  61.174126            
1133.7536  61.066364            
1134.7533  61.251139            
1135.7531  61.975911            
1136.7529  61.306655            
1137.7527  61.360116            
1138.7525  61.481353            
1139.7523  61.023673            
1140.752  60.864436            
1141.7518  61.179559            
1142.7516  60.161183            
1143.7514  60.76311            
1144.7512  60.827103            
1145.751  60.814371            
1146.7507  61.023615            
1147.7505  60.730681            
1148.7503  61.293877            
1149.7501  60.640404            
1150.7499  60.3954            
1151.7497  60.292332            
1152.7494  60.655565            
1153.7492  60.407489            
1154.749  60.626709            
1155.7488  60.444661            
1156.7486  60.636195            
1157.7484  60.540953            
1158.7481  60.827031            
1159.7479  60.62895            
1160.7477  60.396351            
1161.7475  60.156036            
1162.7473  59.90693            
1163.747  59.768302            
1164.7468  60.03148            
1165.7466  59.605193            
1166.7464  60.532607            
1167.7462  59.807391            
1168.746  59.540572            
1169.7457  59.88564            
1170.7455  58.95512            
1171.7453  59.550989            
1172.7451  59.140328            
1173.7449  59.201583            
1174.7447  58.695425            
1175.7444  58.736296            
1176.7442  59.147951            
1177.744  58.57508            
1178.7438  57.763119            
1179.7436  58.283534            
1180.7434  57.642206            
1181.7431  57.805361            
1182.7429  57.533008            
1183.7427  57.18046            
1184.7425  57.781919            
1185.7423  56.683165            
1186.742  57.104313            
1187.7418  56.780113            
1188.7416  56.743508            
1189.7414  57.126022            
1190.7412  56.45603            
1191.741  56.552173            
1192.7407  56.546309            
1193.7405  56.696364            
1194.7403  56.211769            
1195.7401  56.954639            
1196.7399  56.755566            
1197.7397  56.845903            
1198.7394  56.676218            
1199.7392  56.833785            
1200.739  56.637338            
1201.7388  56.49568            
1202.7386  56.084032            
1203.7384  56.429817            
1204.7381  56.266918            
1205.7379  56.648271            
1206.7377  55.671953            
1207.7375  56.250265            
1208.7373  55.832174            
1209.7371  55.585752            
1210.7368  55.629744            
1211.7366  55.054117            
1212.7364  55.004815            
1213.7362  55.048056            
1214.736  54.754278            
1215.7357  54.305442            
1216.7355  54.384273            
1217.7353  54.504783            
1218.7351  54.412515            
1219.7349  53.616988            
1220.7347  53.61963            
1221.7344  53.625603            
1222.7342  53.354884            
1223.734  53.68651            
1224.7338  53.169958            
1225.7336  53.027942            
1226.7334  52.857404            
1227.7331  53.00955            
1228.7329  52.856281            
1229.7327  51.87094            
1230.7325  52.767169            
1231.7323  52.689296            
1232.7321  52.914169            
1233.7318  53.328362            
1234.7316  52.652887            
1235.7314  52.274188            
1236.7312  52.797411            
1237.731  52.793557            
1238.7307  52.329608            
1239.7305  52.16546            
1240.7303  51.751491            
1241.7301  51.911063            
1242.7299  51.71398            
1243.7297  52.373677            
1244.7294  51.838796            
1245.7292  52.114518            
1246.729  51.64923            
1247.7288  51.544584            
1248.7286  51.709832            
1249.7284  51.209307            
1250.7281  50.749903            
1251.7279  50.739307            
1252.7277  50.476646            
1253.7275  50.321            
1254.7273  50.646604            
1255.7271  50.309546            
1256.7268  50.121031            
1257.7266  49.547935            
1258.7264  49.993423            
1259.7262  49.340015            
1260.726  48.945754            
1261.7257  48.898442            
1262.7255  49.034976            
1263.7253  48.39115            
1264.7251  48.780979            
1265.7249  48.033768            
1266.7247  48.574973            
1267.7244  48.230854            
1268.7242  47.985164            
1269.724  47.97468            
1270.7238  47.634364            
1271.7236  47.49883            
1272.7234  47.574783            
1273.7231  46.977153            
1274.7229  47.481191            
1275.7227  47.191684            
1276.7225  46.98821            
1277.7223  47.142537            
1278.7221  46.973528            
1279.7218  46.696023            
1280.7216  46.557826            
1281.7214  46.149272            
1282.7212  46.218359            
1283.721  46.082594            
1284.7208  45.88904            
1285.7205  45.826682            
1286.7203  45.263241            
1287.7201  45.891156            
1288.7199  45.075525            
1289.7197  44.909657            
1290.7194  44.56456            
1291.7192  44.477199            
1292.719  44.270564            
1293.7188  44.09239            
1294.7186  44.238586            
1295.7184  44.375929            
1296.7181  43.741253            
1297.7179  43.550978            
1298.7177  43.767193            
1299.7175  43.08528            
1300.7173  42.827464            
1301.7171  42.98742            
1302.7168  42.933984            
1303.7166  43.116634            
1304.7164  42.945175            
1305.7162  42.825401            
1306.716  42.550419            
1307.7158  42.225572            
1308.7155  42.02658            
1309.7153  41.850428            
1310.7151  41.881875            
1311.7149  41.880051            
1312.7147  41.918246            
1313.7144  42.063318            
1314.7142  42.157417            
1315.714  41.563661            
1316.7138  41.827671            
1317.7136  41.25243            
1318.7134  40.942851            
1319.7131  40.799006            
1320.7129  41.025124            
1321.7127  41.117418            
1322.7125  40.983846            
1323.7123  40.695483            
1324.7121  40.641326            
1325.7118  40.660583            
1326.7116  40.405566            
1327.7114  40.253083            
1328.7112  39.904456            
1329.711  40.28351            
1330.7108  39.767747            
1331.7105  39.920698            
1332.7103  40.188445            
1333.7101  40.319702            
1334.7099  39.968779            
1335.7097  40.04262            
1336.7095  39.693701            
1337.7092  39.820669            
1338.709  39.564718            
1339.7088  39.540002            
1340.7086  39.84997            
1341.7084  39.50659            
1342.7081  39.192088            
1343.7079  39.128702            
1344.7077  39.032305            
1345.7075  38.493428            
1346.7073  38.228575            
1347.7071  38.386092            
1348.7068  37.898672            
1349.7066  37.478267            
1350.7064  37.43357            
1351.7062  37.083586            
1352.706  37.132972            
1353.7058  36.762473            
1354.7055  36.384864            
1355.7053  36.031538            
1356.7051  35.769964            
1357.7049  35.593211            
1358.7047  35.364235            
1359.7045  35.39714            
1360.7042  35.228523            
1361.704  34.996969            
1362.7038  34.624318            
1363.7036  34.68677            
1364.7034  34.353589            
1365.7031  34.185776            
1366.7029  33.88403            
1367.7027  33.649453            
1368.7025  33.4935            
1369.7023  33.676304            
1370.7021  33.412163            
1371.7018  33.41981            
1372.7016  33.177497            
1373.7014  33.028044            
1374.7012  32.619883            
1375.701  32.261148            
1376.7008  32.066295            
1377.7005  31.436829            
1378.7003  31.367021            
1379.7001  31.30604            
1380.6999  30.892161            
1381.6997  30.871465            
1382.6995  30.454373            
1383.6992  30.331634            
1384.699  29.90105            
1385.6988  29.362856            
1386.6986  29.232797            
1387.6984  28.993454            
1388.6982  28.910384            
1389.6979  28.823629            
1390.6977  28.893266            
1391.6975  28.764338            
1392.6973  28.356259            
1393.6971  28.164046            
1394.6968  28.043889            
1395.6966  27.527776            
1396.6964  27.540725            
1397.6962  27.178172            
1398.696  27.355635            
1399.6958  27.496862            
1400.6955  27.394083            
1401.6953  26.961257            
1402.6951  27.030863            
1403.6949  26.825926            
1404.6947  26.795285            
1405.6945  26.429357            
1406.6942  25.829411            
1407.694  25.952437            
1408.6938  25.95432            
1409.6936  25.925878            
1410.6934  25.797166            
1411.6932  25.619968            
1412.6929  25.72241            
1413.6927  25.704002            
1414.6925  25.364362            
1415.6923  24.920921            
1416.6921  24.415315            
1417.6918  24.271069            
1418.6916  24.197788            
1419.6914  24.495612            
1420.6912  24.744812            
1421.691  24.476822            
1422.6908  24.235199            
1423.6905  24.349311            
1424.6903  23.918316            
1425.6901  24.365378            
1426.6899  24.455868            
1427.6897  24.42712            
1428.6895  23.970049            
1429.6892  24.290614            
1430.689  24.181365            
1431.6888  24.319395            
1432.6886  24.286983            
1433.6884  24.079155            
1434.6882  23.527239            
1435.6879  23.465254            
1436.6877  23.294998            
