0  3.8607298            
1.0008628  3.8980227            
2.0017256  3.7562375            
3.0025885  3.6921442            
4.0034513  3.6703705            
5.0043141  3.7423423            
6.0051769  3.6814104            
7.0060398  3.5860726            
8.0069026  3.4510292            
9.0077654  3.5121178            
10.008628  3.5067336            
11.009491  3.4194093            
12.010354  3.4793444            
13.011217  3.3986609            
14.01208  3.4254022            
15.012942  3.4757973            
16.013805  3.3886818            
17.014668  3.3826414            
18.015531  3.4422863            
19.016394  3.4173806            
20.017256  3.3363217            
21.018119  3.3702002            
22.018982  3.4034846            
23.019845  3.2964158            
24.020708  3.3866698            
25.021571  3.2996603            
26.022433  3.3883779            
27.023296  3.4079354            
28.024159  3.4241537            
29.025022  3.4349293            
30.025885  3.4019084            
31.026748  3.6199428            
32.02761  3.6057203            
33.028473  3.6887816            
34.029336  3.7872629            
35.030199  3.9199464            
36.031062  4.0631796            
37.031925  4.0068142            
38.032787  4.1681879            
39.03365  4.394549            
40.034513  4.4177562            
41.035376  4.4803438            
42.036239  4.6408008            
43.037101  4.8810019            
44.037964  4.9532859            
45.038827  5.2089204            
46.03969  5.2276814            
47.040553  5.3623354            
48.041416  5.538081            
49.042278  5.623033            
50.043141  5.9261624            
51.044004  6.0095647            
52.044867  6.0366717            
53.04573  6.2717849            
54.046593  6.2870115            
55.047455  6.3504976            
56.048318  6.4960545            
57.049181  6.4982893            
58.050044  6.4418381            
59.050907  6.3767096            
60.051769  6.4193491            
61.052632  6.2761937            
62.053495  6.283223            
63.054358  6.1028031            
64.055221  6.0689937            
65.056084  5.8844049            
66.056946  5.8542706            
67.057809  5.8086182            
68.058672  5.6654538            
69.059535  5.5767319            
70.060398  5.4320184            
71.061261  5.1840283            
72.062123  4.9644758            
73.062986  4.8685674            
74.063849  4.6499164            
75.064712  4.5523674            
76.065575  4.3702745            
77.066438  4.1033731            
78.0673  4.0544147            
79.068163  3.9514191            
80.069026  3.8183969            
81.069889  3.7550918            
82.070752  3.6737204            
83.071614  3.5486953            
84.072477  3.5223385            
85.07334  3.5125754            
86.074203  3.5983645            
87.075066  3.6084377            
88.075929  3.7397354            
89.076791  4.0240287            
90.077654  4.131077            
91.078517  4.476977            
92.07938  4.8812581            
93.080243  5.3530345            
94.081106  5.7715838            
95.081968  6.4929812            
96.082831  7.2267452            
97.083694  8.0475701            
98.084557  9.1104276            
99.08542  10.244019            
100.08628  11.414391            
101.08715  12.84828            
102.08801  14.309874            
103.08887  16.074255            
104.08973  18.218086            
105.0906  20.29132            
106.09146  22.349086            
107.09232  24.672844            
108.09319  27.647677            
109.09405  30.625757            
110.09491  33.620928            
111.09577  36.634923            
112.09664  40.215639            
113.0975  43.938466            
114.09836  48.147894            
115.09922  52.548662            
116.10009  56.611186            
117.10095  61.038604            
118.10181  65.775152            
119.10268  70.918292            
120.10354  76.022798            
121.1044  81.431033            
122.10526  86.918851            
123.10613  93.115656            
124.10699  98.64683            
125.10785  104.50766            
126.10872  111.08333            
127.10958  117.26068            
128.11044  123.10896            
129.1113  130.64336            
130.11217  137.18348            
131.11303  144.07856            
132.11389  151.23379            
133.11476  157.91377            
134.11562  164.41332            
135.11648  171.76284            
136.11734  179.1289            
137.11821  186.45549            
138.11907  193.50648            
139.11993  202.93813            
140.1208  209.70704            
141.12166  216.95931            
142.12252  224.95072            
143.12338  234.30532            
144.12425  239.94611            
145.12511  247.38026            
146.12597  256.74895            
147.12684  264.4267            
148.1277  270.87024            
149.12856  277.44648            
150.12942  285.79143            
151.13029  293.30457            
152.13115  301.52685            
153.13201  309.40271            
154.13288  317.74823            
155.13374  325.70344            
156.1346  335.10877            
157.13546  343.92848            
158.13633  353.06024            
159.13719  361.56769            
160.13805  369.7754            
161.13891  379.19172            
162.13978  384.91989            
163.14064  391.58722            
164.1415  400.65486            
165.14237  408.51878            
166.14323  412.39906            
167.14409  420.01721            
168.14495  426.21772            
169.14582  428.67518            
170.14668  434.04214            
171.14754  442.47302            
172.14841  447.11867            
173.14927  451.21451            
174.15013  455.85882            
175.15099  456.82839            
176.15186  461.90493            
177.15272  466.01885            
178.15358  469.11286            
179.15445  473.16244            
180.15531  476.93421            
181.15617  477.19281            
182.15703  478.05244            
183.1579  482.37106            
184.15876  482.73671            
185.15962  484.89714            
186.16049  484.19441            
187.16135  487.61773            
188.16221  485.56691            
189.16307  486.11902            
190.16394  485.97843            
191.1648  484.36002            
192.16566  484.82758            
193.16653  485.95551            
194.16739  486.91654            
195.16825  484.68832            
196.16911  482.96515            
197.16998  482.13342            
198.17084  481.40659            
199.1717  479.65461            
200.17256  478.16849            
201.17343  474.41246            
202.17429  474.67613            
203.17515  471.93762            
204.17602  469.7482            
205.17688  468.2946            
206.17774  465.92595            
207.1786  461.56679            
208.17947  459.44197            
209.18033  460.46126            
210.18119  458.68377            
211.18206  456.38428            
212.18292  453.61558            
213.18378  451.12581            
214.18464  448.51277            
215.18551  448.36519            
216.18637  445.43441            
217.18723  443.91254            
218.1881  442.52411            
219.18896  439.37651            
220.18982  437.9054            
221.19068  434.89931            
222.19155  434.13666            
223.19241  432.01265            
224.19327  429.18681            
225.19414  428.81358            
226.195  425.51745            
227.19586  425.49013            
228.19672  421.33767            
229.19759  420.66638            
230.19845  418.40203            
231.19931  418.64652            
232.20018  415.85252            
233.20104  414.21584            
234.2019  412.04049            
235.20276  410.0336            
236.20363  408.31208            
237.20449  408.83964            
238.20535  407.07299            
239.20622  406.64969            
240.20708  404.34703            
241.20794  402.14556            
242.2088  401.60928            
243.20967  401.22427            
244.21053  399.89762            
245.21139  400.42705            
246.21225  399.92671            
247.21312  398.93749            
248.21398  398.9758            
249.21484  398.46305            
250.21571  398.34273            
251.21657  400.02539            
252.21743  398.21262            
253.21829  399.71385            
254.21916  401.2819            
255.22002  398.79248            
256.22088  399.33641            
257.22175  400.22521            
258.22261  400.97996            
259.22347  402.36963            
260.22433  402.10796            
261.2252  399.9184            
262.22606  402.94767            
263.22692  401.1565            
264.22779  402.47553            
265.22865  403.94666            
266.22951  405.68022            
267.23037  406.67            
268.23124  407.22716            
269.2321  409.41314            
270.23296  411.26226            
271.23383  412.64097            
272.23469  413.88439            
273.23555  414.61811            
274.23641  417.25045            
275.23728  418.44396            
276.23814  420.28847            
277.239  420.76011            
278.23987  421.97805            
279.24073  427.401            
280.24159  428.07292            
281.24245  430.04086            
282.24332  432.15356            
283.24418  435.03865            
284.24504  435.89724            
285.24591  437.57397            
286.24677  438.8308            
287.24763  443.61329            
288.24849  446.14969            
289.24936  446.83183            
290.25022  449.98036            
291.25108  450.22645            
292.25194  453.00405            
293.25281  455.31639            
294.25367  456.42853            
295.25453  459.08417            
296.2554  460.54892            
297.25626  463.02206            
298.25712  464.87795            
299.25798  469.60879            
300.25885  467.82134            
301.25971  464.76315            
302.26057  469.73218            
303.26144  473.27933            
304.2623  470.5793            
305.26316  470.4593            
306.26402  473.28002            
307.26489  476.20034            
308.26575  475.30537            
309.26661  474.53668            
310.26748  473.21962            
311.26834  473.50998            
312.2692  475.88002            
313.27006  478.40924            
314.27093  481.10863            
315.27179  478.53082            
316.27265  477.33288            
317.27352  481.61287            
318.27438  480.05167            
319.27524  478.22088            
320.2761  484.0049            
321.27697  479.8176            
322.27783  474.41282            
323.27869  474.10598            
324.27956  474.74026            
325.28042  475.16282            
326.28128  470.39665            
327.28214  472.77714            
328.28301  471.55757            
329.28387  465.88563            
330.28473  467.78317            
331.2856  463.59023            
332.28646  463.75918            
333.28732  465.76411            
334.28818  462.72823            
335.28905  460.94087            
336.28991  465.65656            
337.29077  465.05247            
338.29163  464.88105            
339.2925  461.2587            
340.29336  459.35234            
341.29422  458.92363            
342.29509  457.59576            
343.29595  453.16276            
344.29681  453.74562            
345.29767  454.84271            
346.29854  450.66032            
347.2994  447.62503            
348.30026  448.74832            
349.30113  446.16097            
350.30199  449.62426            
351.30285  448.94104            
352.30371  445.81557            
353.30458  441.98234            
354.30544  442.32398            
355.3063  443.64562            
356.30717  441.33189            
357.30803  440.61349            
358.30889  439.34511            
359.30975  438.23204            
360.31062  438.19127            
361.31148  437.63426            
362.31234  436.71075            
363.31321  435.26855            
364.31407  433.93265            
365.31493  433.73051            
366.31579  434.40888            
367.31666  433.71876            
368.31752  432.99696            
369.31838  432.10153            
370.31925  431.21631            
371.32011  431.57536            
372.32097  430.45383            
373.32183  430.30361            
374.3227  428.37352            
375.32356  428.70753            
376.32442  429.00515            
377.32528  429.09002            
378.32615  430.48128            
379.32701  431.00272            
380.32787  430.23575            
381.32874  429.3943            
382.3296  429.74935            
383.33046  431.4128            
384.33132  430.4833            
385.33219  430.0641            
386.33305  429.42468            
387.33391  428.29573            
388.33478  430.53724            
389.33564  431.07055            
390.3365  431.38163            
391.33736  434.4825            
392.33823  433.56558            
393.33909  434.67486            
394.33995  436.5491            
395.34082  440.29413            
396.34168  441.90572            
397.34254  441.72886            
398.3434  441.36252            
399.34427  441.70576            
400.34513  441.7357            
401.34599  443.05059            
402.34686  443.79144            
403.34772  446.07728            
404.34858  446.5874            
405.34944  444.66174            
406.35031  448.01543            
407.35117  449.00892            
408.35203  453.17471            
409.3529  454.13941            
410.35376  455.14229            
411.35462  454.05458            
412.35548  456.9535            
413.35635  458.28955            
414.35721  460.13588            
415.35807  463.46977            
416.35894  464.41448            
417.3598  465.56078            
418.36066  466.38964            
419.36152  466.05355            
420.36239  467.60937            
421.36325  470.12879            
422.36411  472.79201            
423.36497  474.06109            
424.36584  472.29183            
425.3667  469.5053            
426.36756  471.70512            
427.36843  472.63369            
428.36929  473.58174            
429.37015  475.5499            
430.37101  475.96191            
431.37188  473.15118            
432.37274  473.1832            
433.3736  473.90253            
434.37447  475.42383            
435.37533  477.16891            
436.37619  477.14067            
437.37705  476.32104            
438.37792  473.46807            
439.37878  474.18994            
440.37964  475.1091            
441.38051  473.87598            
442.38137  475.1602            
443.38223  475.60772            
444.38309  471.82621            
445.38396  471.8151            
446.38482  471.23743            
447.38568  472.5865            
448.38655  471.22202            
449.38741  469.48176            
450.38827  467.75744            
451.38913  469.31001            
452.39  466.896            
453.39086  465.16408            
454.39172  466.15091            
455.39259  464.22101            
456.39345  463.96627            
457.39431  464.30378            
458.39517  461.63807            
459.39604  461.71105            
460.3969  461.11233            
461.39776  458.49442            
462.39863  457.53186            
463.39949  457.56489            
464.40035  456.70538            
465.40121  456.50285            
466.40208  456.06642            
467.40294  452.88901            
468.4038  451.86913            
469.40466  450.8437            
470.40553  451.09911            
471.40639  449.20668            
472.40725  448.38338            
473.40812  446.84573            
474.40898  446.01254            
475.40984  445.86769            
476.4107  444.94185            
477.41157  444.56828            
478.41243  444.52287            
479.41329  441.65544            
480.41416  441.79675            
481.41502  441.70963            
482.41588  441.56885            
483.41674  441.91171            
484.41761  442.73397            
485.41847  441.54435            
486.41933  440.64903            
487.4202  440.96621            
488.42106  440.76415            
489.42192  442.95215            
490.42278  440.74005            
491.42365  440.57214            
492.42451  438.47638            
493.42537  439.81711            
494.42624  440.22589            
495.4271  441.1746            
496.42796  442.08199            
497.42882  441.21278            
498.42969  441.11998            
499.43055  443.24874            
500.43141  443.07783            
501.43228  443.5916            
502.43314  445.39683            
503.434  447.28526            
504.43486  445.64918            
505.43573  446.91379            
506.43659  446.15325            
507.43745  448.14272            
508.43832  450.27194            
509.43918  449.89629            
510.44004  449.66867            
511.4409  450.62398            
512.44177  450.23135            
513.44263  453.48945            
514.44349  453.77227            
515.44435  457.65638            
516.44522  458.13399            
517.44608  459.08099            
518.44694  460.57703            
519.44781  460.71202            
520.44867  463.6532            
521.44953  465.6324            
522.45039  467.60716            
523.45126  470.33493            
524.45212  469.65699            
525.45298  471.34851            
526.45385  474.35018            
527.45471  473.04521            
528.45557  475.72022            
529.45643  478.61256            
530.4573  481.26638            
531.45816  483.1247            
532.45902  486.43801            
533.45989  487.89214            
534.46075  488.75945            
535.46161  492.28413            
536.46247  493.44267            
537.46334  495.83127            
538.4642  496.62961            
539.46506  498.45559            
540.46593  501.46942            
541.46679  503.29499            
542.46765  504.75757            
543.46851  510.07747            
544.46938  511.08182            
545.47024  512.51597            
546.4711  512.4288            
547.47197  515.20016            
548.47283  518.49107            
549.47369  516.62742            
550.47455  520.27596            
551.47542  521.55638            
552.47628  521.31638            
553.47714  523.51423            
554.478  523.60938            
555.47887  526.06568            
556.47973  527.50868            
557.48059  527.89033            
558.48146  528.80547            
559.48232  531.32343            
560.48318  535.01719            
561.48404  534.67401            
562.48491  535.16874            
563.48577  534.19013            
564.48663  535.13604            
565.4875  535.69762            
566.48836  536.75656            
567.48922  536.2745            
568.49008  536.60114            
569.49095  537.10759            
570.49181  536.2231            
571.49267  536.00002            
572.49354  535.21615            
573.4944  535.11035            
574.49526  535.35159            
575.49612  533.27967            
576.49699  535.11241            
577.49785  534.50165            
578.49871  531.90953            
579.49958  532.20021            
580.50044  531.07698            
581.5013  528.50823            
582.50216  528.10548            
583.50303  526.86365            
584.50389  525.02104            
585.50475  523.06428            
586.50562  521.57334            
587.50648  519.37288            
588.50734  518.24219            
589.5082  515.87098            
590.50907  513.82231            
591.50993  512.55652            
592.51079  509.60268            
593.51166  509.20608            
594.51252  505.68588            
595.51338  504.69608            
596.51424  504.14606            
597.51511  501.13644            
598.51597  499.06986            
599.51683  497.33564            
600.51769  496.07878            
601.51856  494.09726            
602.51942  491.22409            
603.52028  488.55326            
604.52115  486.01757            
605.52201  485.09196            
606.52287  481.90648            
607.52373  480.88263            
608.5246  479.11637            
609.52546  475.84728            
610.52632  472.98238            
611.52719  470.87685            
612.52805  469.85468            
613.52891  466.87254            
614.52977  465.41181            
615.53064  462.4909            
616.5315  459.54762            
617.53236  457.62381            
618.53323  454.72478            
619.53409  455.21836            
620.53495  453.02298            
621.53581  450.60612            
622.53668  449.15624            
623.53754  449.25663            
624.5384  447.71034            
625.53927  445.02869            
626.54013  445.95764            
627.54099  446.46153            
628.54185  443.79201            
629.54272  442.91543            
630.54358  441.40387            
631.54444  441.37526            
632.54531  440.22071            
633.54617  437.88976            
634.54703  437.40346            
635.54789  437.70197            
636.54876  437.93095            
637.54962  436.98968            
638.55048  436.4899            
639.55135  439.04101            
640.55221  440.2575            
641.55307  440.09545            
642.55393  439.20879            
643.5548  441.32819            
644.55566  440.96159            
645.55652  442.09925            
646.55738  443.69917            
647.55825  443.44393            
648.55911  445.92161            
649.55997  445.50706            
650.56084  446.51881            
651.5617  450.73813            
652.56256  453.07788            
653.56342  453.84731            
654.56429  459.34379            
655.56515  459.40725            
656.56601  459.93631            
657.56688  463.01972            
658.56774  464.7987            
659.5686  468.67352            
660.56946  470.44986            
661.57033  472.60652            
662.57119  472.97169            
663.57205  475.76905            
664.57292  479.13478            
665.57378  483.70825            
666.57464  486.84709            
667.5755  489.67321            
668.57637  495.34536            
669.57723  498.43545            
670.57809  503.18995            
671.57896  506.69986            
672.57982  511.67105            
673.58068  516.03273            
674.58154  518.07265            
675.58241  520.91543            
676.58327  526.63764            
677.58413  527.65245            
678.585  531.22985            
679.58586  536.09783            
680.58672  539.42444            
681.58758  544.51666            
682.58845  549.72373            
683.58931  553.29434            
684.59017  555.85491            
685.59103  557.57215            
686.5919  562.12865            
687.59276  565.33941            
688.59362  571.12557            
689.59449  574.67046            
690.59535  573.35056            
691.59621  575.99874            
692.59707  579.01634            
693.59794  582.52946            
694.5988  586.40122            
695.59966  589.11538            
696.60053  591.44259            
697.60139  593.84064            
698.60225  594.83697            
699.60311  594.58706            
700.60398  600.30266            
701.60484  603.06548            
702.6057  602.23164            
703.60657  603.41807            
704.60743  606.29545            
705.60829  605.41956            
706.60915  605.20437            
707.61002  606.34939            
708.61088  604.53274            
709.61174  601.96741            
710.61261  600.25052            
711.61347  599.22904            
712.61433  597.45127            
713.61519  597.28579            
714.61606  593.51474            
715.61692  590.964            
716.61778  588.7008            
717.61865  586.39703            
718.61951  583.11159            
719.62037  580.77331            
720.62123  575.43814            
721.6221  571.34674            
722.62296  567.35818            
723.62382  561.9331            
724.62469  556.28843            
725.62555  549.22557            
726.62641  544.78913            
727.62727  537.65273            
728.62814  530.96107            
729.629  523.29745            
730.62986  516.16798            
731.63072  506.41604            
732.63159  499.24264            
733.63245  492.9797            
734.63331  484.25487            
735.63418  476.28555            
736.63504  465.66263            
737.6359  457.10586            
738.63676  447.71364            
739.63763  438.34529            
740.63849  429.16266            
741.63935  419.44331            
742.64022  407.86565            
743.64108  398.46718            
744.64194  390.10039            
745.6428  377.92919            
746.64367  366.86783            
747.64453  357.34281            
748.64539  345.50006            
749.64626  334.82207            
750.64712  324.87984            
751.64798  315.74529            
752.64884  303.93494            
753.64971  293.76828            
754.65057  282.7037            
755.65143  271.84213            
756.6523  261.52266            
757.65316  252.77275            
758.65402  241.68053            
759.65488  230.82332            
760.65575  220.81902            
761.65661  210.86063            
762.65747  201.40683            
763.65834  192.89934            
764.6592  183.41814            
765.66006  174.90082            
766.66092  165.32619            
767.66179  156.12345            
768.66265  146.26678            
769.66351  139.33381            
770.66438  130.97678            
771.66524  123.16889            
772.6661  116.13619            
773.66696  108.59843            
774.66783  101.30525            
775.66869  95.041761            
776.66955  88.765397            
777.67041  82.951545            
778.67128  76.610598            
779.67214  70.693433            
780.673  65.405625            
781.67387  60.750056            
782.67473  56.012764            
783.67559  51.017936            
784.67645  46.925383            
785.67732  42.992383            
786.67818  38.830853            
787.67904  35.365274            
788.67991  32.017387            
789.68077  28.918138            
790.68163  25.974047            
791.68249  23.311686            
792.68336  20.894923            
793.68422  18.53585            
794.68508  16.510591            
795.68595  14.706104            
796.68681  13.012727            
797.68767  11.5839            
798.68853  10.070205            
799.6894  8.7058728            
800.69026  7.6700238            
801.69112  6.8426705            
802.69199  6.0138886            
803.69285  5.3106061            
804.69371  4.6832911            
805.69457  4.3391901            
806.69544  4.0010592            
807.6963  3.7281962            
808.69716  3.5404517            
809.69803  3.4115085            
810.69889  3.3634353            
811.69975  3.3982437            
812.70061  3.5233338            
813.70148  3.5819048            
814.70234  3.7090414            
815.7032  4.000373            
816.70407  4.156248            
817.70493  4.4218656            
818.70579  4.6629737            
819.70665  4.8834154            
820.70752  5.2386723            
821.70838  5.4547859            
822.70924  5.8066362            
823.7101  6.0369593            
824.71097  6.2815557            
825.71183  6.5008358            
826.71269  6.6193519            
827.71356  6.9510469            
828.71442  7.0930969            
829.71528  7.2052858            
830.71614  7.2558227            
831.71701  7.2691714            
832.71787  7.5155571            
833.71873  7.497333            
834.7196  7.5664583            
835.72046  7.5552062            
836.72132  7.4499624            
837.72218  7.5160942            
838.72305  7.3895219            
839.72391  7.3901098            
840.72477  7.156371            
841.72564  7.0544966            
842.7265  7.0914732            
843.72736  6.8768068            
844.72822  6.5517798            
845.72909  6.4989187            
846.72995  6.3703698            
847.73081  6.1189027            
848.73168  5.9599024            
849.73254  5.8178184            
850.7334  5.6509048            
851.73426  5.45685            
852.73513  5.2841798            
853.73599  4.9932394            
854.73685  4.8114347            
855.73772  4.8030903            
856.73858  4.5925682            
857.73944  4.49597            
858.7403  4.2602336            
859.74117  4.1002532            
860.74203  3.9357398            
861.74289  3.8898773            
862.74375  3.6890345            
863.74462  3.7069626            
864.74548  3.5171264            
865.74634  3.3936228            
866.74721  3.3703276            
867.74807  3.4325486            
868.74893  3.3474016            
869.74979  3.4347648            
870.75066  3.4240196            
871.75152  3.3724008            
872.75238  3.3627707            
873.75325  3.4542864            
874.75411  3.4118864            
875.75497  3.3385438            
876.75583  3.5642869            
877.7567  3.50185            
878.75756  3.6083708            
879.75842  3.707459            
880.75929  3.7591184            
881.76015  3.7103283            
882.76101  3.7374244            
883.76187  3.9677072            
884.76274  4.0281662            
885.7636  4.1819168            
886.76446  4.0480499            
887.76533  4.1795065            
888.76619  4.2728788            
889.76705  4.2994915            
890.76791  4.364654            
891.76878  4.3978795            
892.76964  4.4160733            
893.7705  4.4219498            
894.77137  4.4674143            
895.77223  4.5198069            
896.77309  4.6106093            
897.77395  4.5298473            
898.77482  4.5064402            
899.77568  4.5666411            
900.77654  4.4463353            
901.77741  4.4603662            
902.77827  4.4160688            
903.77913  4.3139276            
904.77999  4.2265421            
905.78086  4.1987758            
906.78172  4.1484302            
