0  2.9295458            
1.0002713  2.9743731            
2.0005425  3.0524927            
3.0008138  2.8770079            
4.001085  2.8302402            
5.0013563  2.9447453            
6.0016275  2.8652761            
7.0018988  2.9812606            
8.0021701  3.0263228            
9.0024413  2.9334072            
10.002713  2.8083596            
11.002984  2.9017667            
12.003255  2.8828967            
13.003526  2.8980641            
14.003798  2.9836159            
15.004069  3.0000355            
16.00434  2.7783101            
17.004611  2.9085383            
18.004883  2.8466917            
19.005154  2.8366399            
20.005425  2.7817037            
21.005696  2.948491            
22.005968  2.9240929            
23.006239  2.8669497            
24.00651  2.8949773            
25.006781  2.9446527            
26.007053  2.9908826            
27.007324  2.9308498            
28.007595  2.9266398            
29.007866  2.9824575            
30.008138  2.921048            
31.008409  2.9043072            
32.00868  2.9753466            
33.008951  2.9575111            
34.009223  2.7951859            
35.009494  2.8936975            
36.009765  2.9346694            
37.010036  2.8720736            
38.010308  2.8737024            
39.010579  2.8408153            
40.01085  2.9815738            
41.011122  2.9633728            
42.011393  2.7437991            
43.011664  2.9181381            
44.011935  2.8966906            
45.012207  2.8141883            
46.012478  2.931441            
47.012749  2.921829            
48.01302  2.7902589            
49.013292  2.9755617            
50.013563  2.9157321            
51.013834  2.894112            
52.014105  2.792742            
53.014377  2.9822302            
54.014648  2.933766            
55.014919  2.8987902            
56.01519  2.9229642            
57.015462  2.89954            
58.015733  2.8794393            
59.016004  3.034795            
60.016275  3.0324399            
61.016547  2.9573826            
62.016818  2.8464443            
63.017089  2.8758123            
64.01736  2.8771424            
65.017632  2.8460824            
66.017903  2.9256266            
67.018174  3.0187381            
68.018445  3.1069215            
69.018717  3.0533881            
70.018988  3.0195737            
71.019259  2.8043614            
72.01953  2.8955551            
73.019802  2.9831248            
74.020073  3.0058544            
75.020344  2.9066495            
76.020616  2.9098263            
77.020887  2.9938529            
78.021158  2.9988578            
79.021429  3.0579389            
80.021701  3.0194149            
81.021972  3.0874385            
82.022243  2.9888825            
83.022514  3.1176127            
84.022786  3.1286305            
85.023057  3.0062874            
86.023328  2.9829788            
87.023599  2.9847236            
88.023871  3.0102616            
89.024142  3.1153695            
90.024413  3.2159312            
91.024684  3.2448004            
92.024956  3.1884458            
93.025227  3.0385463            
94.025498  3.0254387            
95.025769  3.0599038            
96.026041  3.1300916            
97.026312  3.2842232            
98.026583  3.350837            
99.026854  3.3889814            
100.02713  3.4080973            
101.0274  3.5588762            
102.02767  3.884392            
103.02794  4.6014358            
104.02821  5.4007505            
105.02848  6.5391169            
106.02875  8.2907787            
107.02902  11.188348            
108.0293  16.641963            
109.02957  26.109381            
110.02984  42.282038            
111.03011  67.822976            
112.03038  103.14606            
113.03065  149.88193            
114.03092  204.44574            
115.03119  264.85104            
116.03147  325.31662            
117.03174  381.72669            
118.03201  429.88132            
119.03228  463.89283            
120.03255  484.71916            
121.03282  492.53973            
122.03309  486.80549            
123.03336  469.72179            
124.03364  449.49915            
125.03391  428.65467            
126.03418  408.76012            
127.03445  385.12789            
128.03472  369.53554            
129.03499  361.18383            
130.03526  361.50623            
131.03553  365.31904            
132.03581  375.45548            
133.03608  391.64752            
134.03635  403.18453            
135.03662  410.64053            
136.03689  418.70619            
137.03716  424.7455            
138.03743  424.95151            
139.0377  423.83925            
140.03798  416.58391            
141.03825  409.12246            
142.03852  401.04828            
143.03879  396.58303            
144.03906  393.59695            
145.03933  395.58867            
146.0396  398.77557            
147.03987  404.38091            
148.04015  409.65673            
149.04042  416.18172            
150.04069  427.40473            
151.04096  436.09136            
152.04123  439.3708            
153.0415  439.24403            
154.04177  440.70509            
155.04204  438.69763            
156.04232  438.47978            
157.04259  435.71136            
158.04286  436.8939            
159.04313  434.59607            
160.0434  435.33864            
161.04367  439.0091            
162.04394  441.68159            
163.04421  449.32629            
164.04449  453.34813            
165.04476  458.72955            
166.04503  462.95334            
167.0453  464.4909            
168.04557  461.42868            
169.04584  460.99599            
170.04611  458.23381            
171.04638  453.601            
172.04666  450.03566            
173.04693  447.03361            
174.0472  444.77943            
175.04747  443.48679            
176.04774  442.40744            
177.04801  441.3765            
178.04828  442.86287            
179.04855  444.52995            
180.04883  447.24317            
181.0491  447.65536            
182.04937  447.13334            
183.04964  445.34884            
184.04991  441.99677            
185.05018  440.54519            
186.05045  437.10264            
187.05072  432.56366            
188.051  429.71541            
189.05127  429.84534            
190.05154  428.6649            
191.05181  429.76239            
192.05208  430.13297            
193.05235  429.0861            
194.05262  431.0258            
195.0529  433.32369            
196.05317  434.05158            
197.05344  433.43896            
198.05371  433.13305            
199.05398  430.71999            
200.05425  428.83746            
201.05452  428.0972            
202.05479  427.37543            
203.05507  427.52409            
204.05534  428.7377            
205.05561  428.48509            
206.05588  431.89534            
207.05615  434.58889            
208.05642  437.34139            
209.05669  439.08965            
210.05696  442.50426            
211.05724  442.20806            
212.05751  441.4817            
213.05778  440.76196            
214.05805  437.90792            
215.05832  435.89055            
216.05859  431.8842            
217.05886  431.88152            
218.05913  431.02076            
219.05941  430.16627            
220.05968  429.98483            
221.05995  431.40749            
222.06022  431.50308            
223.06049  433.37577            
224.06076  437.72986            
225.06103  438.49859            
226.0613  436.65773            
227.06158  434.76578            
228.06185  432.47452            
229.06212  431.04348            
230.06239  428.33911            
231.06266  425.62468            
232.06293  424.62136            
233.0632  424.75395            
234.06347  424.81628            
235.06375  426.87758            
236.06402  429.91273            
237.06429  432.5306            
238.06456  437.71238            
239.06483  439.61706            
240.0651  442.2418            
241.06537  442.64715            
242.06564  443.50416            
243.06592  441.34109            
244.06619  440.01399            
245.06646  440.72877            
246.06673  441.15542            
247.067  437.56649            
248.06727  435.46417            
249.06754  437.11445            
250.06781  439.21566            
251.06809  443.83138            
252.06836  446.26666            
253.06863  448.20861            
254.0689  452.81654            
255.06917  456.26059            
256.06944  456.33945            
257.06971  457.46825            
258.06998  457.28879            
259.07026  458.28343            
260.07053  456.52562            
261.0708  457.31218            
262.07107  458.20296            
263.07134  459.00214            
264.07161  459.57577            
265.07188  461.75846            
266.07215  466.55725            
267.07243  468.97317            
268.0727  469.35428            
269.07297  472.18741            
270.07324  471.99494            
271.07351  471.49547            
272.07378  470.96846            
273.07405  470.75208            
274.07432  466.97888            
275.0746  464.59191            
276.07487  463.34636            
277.07514  460.29737            
278.07541  457.68555            
279.07568  458.89498            
280.07595  456.69249            
281.07622  455.23203            
282.07649  454.87619            
283.07677  454.24301            
284.07704  454.3411            
285.07731  452.36287            
286.07758  452.30117            
287.07785  451.18528            
288.07812  446.69631            
289.07839  446.56542            
290.07866  446.30384            
291.07894  444.7254            
292.07921  445.35553            
293.07948  447.09233            
294.07975  449.9712            
295.08002  451.14442            
296.08029  454.70546            
297.08056  457.82553            
298.08083  463.85668            
299.08111  467.98881            
300.08138  468.65092            
301.08165  472.92212            
302.08192  473.24766            
303.08219  472.78449            
304.08246  474.25652            
305.08273  475.6469            
306.083  473.43455            
307.08328  471.94212            
308.08355  470.94739            
309.08382  469.54733            
310.08409  467.71911            
311.08436  470.79593            
312.08463  473.22004            
313.0849  471.01125            
314.08517  472.71828            
315.08545  470.52245            
316.08572  467.75558            
317.08599  465.52467            
318.08626  462.46608            
319.08653  460.57454            
320.0868  456.36843            
321.08707  451.28817            
322.08734  445.60926            
323.08762  446.39469            
324.08789  446.81909            
325.08816  444.29554            
326.08843  444.83508            
327.0887  442.66311            
328.08897  441.31929            
329.08924  443.83254            
330.08951  444.48813            
331.08979  443.36393            
332.09006  440.72457            
333.09033  440.11913            
334.0906  438.98905            
335.09087  438.05862            
336.09114  438.14181            
337.09141  441.55134            
338.09168  444.46975            
339.09196  443.94498            
340.09223  446.50301            
341.0925  452.89235            
342.09277  459.86927            
343.09304  463.08427            
344.09331  466.56609            
345.09358  468.93352            
346.09385  471.01918            
347.09413  473.73383            
348.0944  475.44691            
349.09467  475.28795            
350.09494  476.61492            
351.09521  476.89526            
352.09548  478.74063            
353.09575  479.9181            
354.09602  481.81075            
355.0963  483.11998            
356.09657  487.57453            
357.09684  490.63012            
358.09711  489.67112            
359.09738  488.44093            
360.09765  486.87818            
361.09792  484.68915            
362.09819  481.16459            
363.09847  478.90336            
364.09874  473.30783            
365.09901  467.10351            
366.09928  462.33874            
367.09955  456.50992            
368.09982  452.86252            
369.10009  453.77733            
370.10036  453.58109            
371.10064  450.95616            
372.10091  450.93572            
373.10118  450.15311            
374.10145  450.45381            
375.10172  450.09782            
376.10199  450.2019            
377.10226  449.23055            
378.10254  445.16668            
379.10281  444.78947            
380.10308  444.01895            
381.10335  445.39073            
382.10362  444.44235            
383.10389  442.82602            
384.10416  444.9691            
385.10443  448.59154            
386.10471  449.22694            
387.10498  453.01548            
388.10525  456.73505            
389.10552  460.11184            
390.10579  458.67491            
391.10606  461.47901            
392.10633  459.36707            
393.1066  458.78495            
394.10688  459.50516            
395.10715  458.35632            
396.10742  457.81023            
397.10769  455.98471            
398.10796  456.98579            
399.10823  460.10797            
400.1085  460.97033            
401.10877  465.33021            
402.10905  468.80992            
403.10932  470.19214            
404.10959  473.0175            
405.10986  474.69337            
406.11013  472.84564            
407.1104  474.32044            
408.11067  474.48882            
409.11094  474.88016            
410.11122  470.90006            
411.11149  468.34641            
412.11176  465.93816            
413.11203  465.34793            
414.1123  467.55569            
415.11257  467.72003            
416.11284  468.9979            
417.11311  471.50821            
418.11339  470.10084            
419.11366  468.8539            
420.11393  468.37277            
421.1142  468.28451            
422.11447  465.47524            
423.11474  460.51866            
424.11501  456.54832            
425.11528  453.03196            
426.11556  452.52978            
427.11583  448.30021            
428.1161  445.87585            
429.11637  446.14159            
430.11664  446.86675            
431.11691  447.0336            
432.11718  450.25028            
433.11745  450.67594            
434.11773  450.67617            
435.118  450.61055            
436.11827  451.77627            
437.11854  449.82386            
438.11881  449.44775            
439.11908  449.00542            
440.11935  447.3256            
441.11962  445.89307            
442.1199  448.32914            
443.12017  451.12164            
444.12044  453.0285            
445.12071  456.90353            
446.12098  461.88137            
447.12125  465.1457            
448.12152  469.15545            
449.12179  473.10313            
450.12207  475.68743            
451.12234  478.0671            
452.12261  479.29651            
453.12288  480.2085            
454.12315  479.5161            
455.12342  478.4123            
456.12369  478.95431            
457.12396  480.98455            
458.12424  481.93465            
459.12451  485.09342            
460.12478  484.8124            
461.12505  488.33604            
462.12532  491.03996            
463.12559  493.55577            
464.12586  494.2676            
465.12613  492.56379            
466.12641  491.01116            
467.12668  488.68707            
468.12695  485.88742            
469.12722  482.69808            
470.12749  480.80869            
471.12776  479.36469            
472.12803  476.95256            
473.1283  475.90193            
474.12858  475.32199            
475.12885  477.85282            
476.12912  480.08694            
477.12939  478.45657            
478.12966  476.98532            
479.12993  474.38837            
480.1302  473.59377            
481.13047  471.18535            
482.13075  469.02321            
483.13102  464.50664            
484.13129  460.25945            
485.13156  455.28993            
486.13183  452.72535            
487.1321  450.19307            
488.13237  451.98851            
489.13264  453.71486            
490.13292  454.9389            
491.13319  457.36396            
492.13346  457.64639            
493.13373  459.21518            
494.134  463.22905            
495.13427  464.49734            
496.13454  464.30188            
497.13481  463.38946            
498.13509  462.37979            
499.13536  461.19555            
500.13563  462.91784            
501.1359  464.51917            
502.13617  468.87026            
503.13644  472.62003            
504.13671  476.28741            
505.13698  480.34126            
506.13726  486.31217            
507.13753  493.15771            
508.1378  498.61794            
509.13807  504.27773            
510.13834  508.20913            
511.13861  507.37848            
512.13888  507.72573            
513.13915  508.48589            
514.13943  508.50605            
515.1397  508.88036            
516.13997  509.05302            
517.14024  509.7449            
518.14051  512.53897            
519.14078  517.05236            
520.14105  518.62963            
521.14132  523.95017            
522.1416  526.56228            
523.14187  529.96941            
524.14214  530.73195            
525.14241  531.86071            
526.14268  529.80662            
527.14295  528.41489            
528.14322  524.89836            
529.14349  520.27409            
530.14377  520.33683            
531.14404  517.98436            
532.14431  516.85182            
533.14458  516.83344            
534.14485  519.14062            
535.14512  520.26295            
536.14539  519.94742            
537.14566  520.2136            
538.14594  519.71336            
539.14621  519.14111            
540.14648  516.76723            
541.14675  512.91027            
542.14702  508.88378            
543.14729  504.16073            
544.14756  497.66838            
545.14783  493.43288            
546.14811  492.06297            
547.14838  493.4004            
548.14865  492.757            
549.14892  492.27704            
550.14919  492.52752            
551.14946  496.53497            
552.14973  500.27151            
553.15  502.66493            
554.15028  502.74856            
555.15055  502.19007            
556.15082  501.04014            
557.15109  496.65194            
558.15136  493.63969            
559.15163  489.31266            
560.1519  486.84863            
561.15217  484.03319            
562.15245  481.86769            
563.15272  481.77906            
564.15299  483.92831            
565.15326  485.47997            
566.15353  489.75816            
567.1538  491.71791            
568.15407  492.11528            
569.15435  494.11865            
570.15462  493.45739            
571.15489  491.24158            
572.15516  489.48247            
573.15543  485.09644            
574.1557  479.47705            
575.15597  475.31872            
576.15624  474.02337            
577.15652  471.69034            
578.15679  471.26023            
579.15706  474.29451            
580.15733  476.44689            
581.1576  479.04727            
582.15787  483.04955            
583.15814  487.89627            
584.15841  490.18687            
585.15869  489.77236            
586.15896  489.34129            
587.15923  488.22433            
588.1595  486.55993            
589.15977  485.28804            
590.16004  484.41013            
591.16031  485.04815            
592.16058  486.10656            
593.16086  488.95694            
594.16113  493.66411            
595.1614  498.72425            
596.16167  504.59621            
597.16194  508.28791            
598.16221  511.37093            
599.16248  511.13023            
600.16275  509.94828            
601.16303  506.44527            
602.1633  501.62875            
603.16357  494.34401            
604.16384  487.01129            
605.16411  483.64487            
606.16438  479.33576            
607.16465  477.98731            
608.16492  476.37456            
609.1652  479.04523            
610.16547  481.47871            
611.16574  483.61243            
612.16601  485.59976            
613.16628  486.83908            
614.16655  488.7652            
615.16682  485.44222            
616.16709  480.52995            
617.16737  475.31159            
618.16764  467.23175            
619.16791  459.82902            
620.16818  456.30638            
621.16845  452.11878            
622.16872  448.01593            
623.16899  448.11444            
624.16926  448.82754            
625.16954  452.2058            
626.16981  456.55244            
627.17008  460.69438            
628.17035  465.34728            
629.17062  466.17076            
630.17089  467.28025            
631.17116  465.1013            
632.17143  462.59238            
633.17171  458.76409            
634.17198  456.83123            
635.17225  453.98138            
636.17252  450.52134            
637.17279  451.60624            
638.17306  454.03369            
639.17333  459.94925            
640.1736  466.10448            
641.17388  472.43119            
642.17415  480.92262            
643.17442  482.63036            
644.17469  483.62774            
645.17496  485.1333            
646.17523  484.61584            
647.1755  480.42424            
648.17577  476.6797            
649.17605  472.72811            
650.17632  471.6938            
651.17659  473.53164            
652.17686  477.66846            
653.17713  486.31286            
654.1774  494.62765            
655.17767  504.41027            
656.17794  512.54956            
657.17822  520.54728            
658.17849  528.95421            
659.17876  533.79279            
660.17903  534.13013            
661.1793  529.91051            
662.17957  525.72376            
663.17984  520.99707            
664.18011  517.75302            
665.18039  514.32092            
666.18066  513.96433            
667.18093  516.91254            
668.1812  521.34719            
669.18147  530.6732            
670.18174  539.88044            
671.18201  547.80158            
672.18228  553.44612            
673.18256  558.5943            
674.18283  560.62712            
675.1831  556.09768            
676.18337  549.95225            
677.18364  539.68143            
678.18391  530.16662            
679.18418  522.07802            
680.18445  516.60535            
681.18473  512.55046            
682.185  511.47304            
683.18527  511.65778            
684.18554  517.62984            
685.18581  523.30979            
686.18608  529.72916            
687.18635  536.04711            
688.18662  538.67606            
689.1869  534.78904            
690.18717  526.62619            
691.18744  517.10649            
692.18771  505.9124            
693.18798  492.17431            
694.18825  480.30232            
695.18852  472.60234            
696.18879  467.58391            
697.18907  467.67707            
698.18934  473.05071            
699.18961  482.40649            
700.18988  491.24253            
701.19015  502.10565            
702.19042  513.15111            
703.19069  516.76134            
704.19096  518.032            
705.19124  514.78777            
706.19151  505.31119            
707.19178  491.86792            
708.19205  478.03272            
709.19232  467.50493            
710.19259  461.42617            
711.19286  458.80286            
712.19313  462.91595            
713.19341  473.80416            
714.19368  486.14556            
715.19395  501.37833            
716.19422  520.75647            
717.19449  537.82538            
718.19476  543.55943            
719.19503  540.07025            
720.1953  530.94814            
721.19558  516.87408            
722.19585  498.88221            
723.19612  483.9782            
724.19639  469.30595            
725.19666  459.79331            
726.19693  460.75271            
727.1972  469.89767            
728.19747  488.20746            
729.19775  516.09301            
730.19802  548.37775            
731.19829  577.44714            
732.19856  595.51981            
733.19883  603.43994            
734.1991  605.91338            
735.19937  597.38129            
736.19964  570.7952            
737.19992  540.78219            
738.20019  512.63979            
739.20046  485.0548            
740.20073  467.90429            
741.201  467.65804            
742.20127  484.91046            
743.20154  524.24781            
744.20181  579.17412            
745.20209  644.07056            
746.20236  710.56439            
747.20263  769.74092            
748.2029  809.78453            
749.20317  823.22462            
750.20344  800.5196            
751.20371  739.85458            
752.20399  644.53407            
753.20426  524.78582            
754.20453  394.57566            
755.2048  271.3064            
756.20507  169.85424            
757.20534  96.016783            
758.20561  49.395371            
759.20588  27.259951            
760.20616  21.478647            
761.20643  22.94953            
762.2067  24.806122            
763.20697  24.245704            
764.20724  20.552683            
765.20751  15.14402            
766.20778  10.838568            
767.20805  8.6028099            
768.20833  8.3736239            
769.2086  9.5115734            
770.20887  10.476595            
771.20914  10.375531            
772.20941  9.3079271            
773.20968  7.4187926            
774.20995  5.7559929            
775.21022  4.7896711            
776.2105  4.5848321            
777.21077  4.9212498            
778.21104  5.3101508            
779.21131  5.2696153            
780.21158  4.9135929            
781.21185  4.4742487            
782.21212  4.2313428            
783.21239  4.1763209            
784.21267  4.3647306            
785.21294  4.4648752            
786.21321  4.6081577            
787.21348  4.4716225            
788.21375  4.0451996            
789.21402  3.6712185            
790.21429  3.4008333            
791.21456  3.4247267            
792.21484  3.5201435            
793.21511  3.5717757            
794.21538  3.6514495            
795.21565  3.6283967            
796.21592  3.490798            
797.21619  3.3218465            
798.21646  3.2265677            
799.21673  3.336155            
800.21701  3.4294756            
801.21728  3.4816768            
802.21755  3.4234913            
803.21782  3.3616919            
804.21809  3.2606211            
805.21836  3.2321403            
806.21863  3.1645101            
807.2189  3.2805613            
808.21918  3.3992751            
809.21945  3.3505354            
810.21972  3.2596756            
811.21999  3.2636101            
812.22026  3.1579864            
813.22053  3.1131269            
814.2208  3.2357051            
815.22107  3.2733434            
816.22135  3.3076686            
817.22162  3.2810129            
818.22189  3.1384078            
819.22216  2.9663166            
820.22243  3.0089713            
821.2227  2.9691772            
822.22297  2.9954667            
