0  6.6798634            
0.99956913  6.7287123            
1.9991383  6.61855            
2.9987074  6.6950317            
3.9982765  6.7919542            
4.9978457  6.9069106            
5.9974148  6.8072166            
6.9969839  6.772482            
7.9965531  6.8251356            
8.9961222  6.8767473            
9.9956913  6.9660931            
10.99526  6.8708682            
11.99483  6.8214031            
12.994399  6.784197            
13.993968  6.7270134            
14.993537  6.7455812            
15.993106  6.7224293            
16.992675  6.6906453            
17.992244  6.6028357            
18.991814  6.7407205            
19.991383  6.6546139            
20.990952  6.6234143            
21.990521  6.4144029            
22.99009  6.3639094            
23.989659  6.4073668            
24.989228  6.5359246            
25.988797  6.292226            
26.988367  6.2927039            
27.987936  6.2326949            
28.987505  6.3376403            
29.987074  6.2530134            
30.986643  6.1163898            
31.986212  6.0850104            
32.985781  6.2259627            
33.985351  6.0381702            
34.98492  6.0933528            
35.984489  5.9705152            
36.984058  5.8612294            
37.983627  5.7752563            
38.983196  5.629427            
39.982765  5.7208062            
40.982334  5.5843307            
41.981904  5.5959504            
42.981473  5.5259664            
43.981042  5.3960628            
44.980611  5.4726682            
45.98018  5.4468421            
46.979749  5.4132319            
47.979318  5.2775994            
48.978888  5.2376557            
49.978457  5.316865            
50.978026  5.1641316            
51.977595  5.1229151            
52.977164  5.0567876            
53.976733  5.1545634            
54.976302  5.2689517            
55.975871  5.2250397            
56.975441  5.2421824            
57.97501  5.1789792            
58.974579  5.3419659            
59.974148  5.49972            
60.973717  5.5611247            
61.973286  5.5972923            
62.972855  5.7534712            
63.972425  5.6195114            
64.971994  5.7812537            
65.971563  6.1122096            
66.971132  6.366077            
67.970701  6.4862101            
68.97027  6.5627514            
69.969839  6.8015719            
70.969408  7.0486632            
71.968978  7.4485864            
72.968547  7.6740765            
73.968116  7.9440955            
74.967685  8.2662432            
75.967254  8.8364296            
76.966823  8.9655945            
77.966392  9.4649812            
78.965962  9.8452629            
79.965531  10.26437            
80.9651  10.578668            
81.964669  11.126234            
82.964238  11.481997            
83.963807  12.00033            
84.963376  12.728219            
85.962945  13.186704            
86.962515  13.582252            
87.962084  14.287127            
88.961653  14.628851            
89.961222  15.348538            
90.960791  15.96732            
91.96036  16.583924            
92.959929  17.290325            
93.959498  17.952321            
94.959068  18.773238            
95.958637  19.413174            
96.958206  20.605283            
97.957775  21.405883            
98.957344  22.072937            
99.956913  23.001456            
100.95648  23.925124            
101.95605  25.035087            
102.95562  26.012053            
103.95519  27.208329            
104.95476  27.946566            
105.95433  29.166176            
106.9539  30.679643            
107.95347  31.847498            
108.95304  32.69519            
109.9526  33.612004            
110.95217  34.58228            
111.95174  36.101224            
112.95131  37.765286            
113.95088  38.921147            
114.95045  40.00855            
115.95002  41.611108            
116.94959  43.057728            
117.94916  44.552788            
118.94873  46.433991            
119.9483  47.79976            
120.94787  49.364469            
121.94743  50.535095            
122.947  52.09912            
123.94657  54.413752            
124.94614  56.376766            
125.94571  57.792882            
126.94528  59.418693            
127.94485  61.757199            
128.94442  63.379698            
129.94399  65.37188            
130.94356  67.21507            
131.94313  68.758259            
132.94269  70.574722            
133.94226  72.60203            
134.94183  74.891629            
135.9414  77.000385            
136.94097  78.999877            
137.94054  81.138998            
138.94011  83.216488            
139.93968  85.347394            
140.93925  88.24101            
141.93882  90.18702            
142.93839  92.189007            
143.93796  94.324631            
144.93752  96.194942            
145.93709  98.929928            
146.93666  101.74934            
147.93623  103.95305            
148.9358  106.03217            
149.93537  107.75515            
150.93494  110.06999            
151.93451  111.5794            
152.93408  113.9569            
153.93365  117.07669            
154.93322  118.92072            
155.93278  121.24624            
156.93235  122.92628            
157.93192  125.13817            
158.93149  127.6679            
159.93106  130.15855            
160.93063  132.83712            
161.9302  135.01466            
162.92977  137.4989            
163.92934  139.37348            
164.92891  142.27286            
165.92848  145.32056            
166.92805  148.33584            
167.92761  150.67819            
168.92718  153.33661            
169.92675  155.90884            
170.92632  158.194            
171.92589  160.37397            
172.92546  163.49845            
173.92503  166.69422            
174.9246  168.99184            
175.92417  170.99077            
176.92374  173.27341            
177.92331  175.08373            
178.92287  178.4934            
179.92244  180.73093            
180.92201  183.88861            
181.92158  185.48209            
182.92115  187.31632            
183.92072  190.64924            
184.92029  193.56266            
185.91986  195.67906            
186.91943  198.23371            
187.919  201.79391            
188.91857  203.00964            
189.91814  203.4149            
190.9177  206.00538            
191.91727  209.47864            
192.91684  210.45182            
193.91641  213.0757            
194.91598  214.60283            
195.91555  215.5951            
196.91512  217.66645            
197.91469  220.21316            
198.91426  222.33928            
199.91383  223.7759            
200.9134  224.0174            
201.91296  225.97322            
202.91253  227.04772            
203.9121  228.61534            
204.91167  231.64442            
205.91124  232.58398            
206.91081  232.9435            
207.91038  234.89221            
208.90995  237.35338            
209.90952  238.31425            
210.90909  239.3563            
211.90866  240.86962            
212.90823  242.23793            
213.90779  242.95972            
214.90736  243.78178            
215.90693  246.54941            
216.9065  246.45507            
217.90607  247.61971            
218.90564  250.71319            
219.90521  251.93992            
220.90478  251.84113            
221.90435  252.81366            
222.90392  253.52057            
223.90349  255.97534            
224.90305  256.43928            
225.90262  256.37414            
226.90219  257.60854            
227.90176  258.66547            
228.90133  260.09538            
229.9009  259.78886            
230.90047  260.45012            
231.90004  261.6137            
232.89961  262.26709            
233.89918  263.57056            
234.89875  262.83659            
235.89832  263.30044            
236.89788  264.48922            
237.89745  265.95913            
238.89702  264.47158            
239.89659  264.81378            
240.89616  265.19069            
241.89573  264.95556            
242.8953  266.11076            
243.89487  265.96271            
244.89444  266.50762            
245.89401  266.5116            
246.89358  266.9992            
247.89314  267.28031            
248.89271  267.25834            
249.89228  269.10509            
250.89185  268.15696            
251.89142  266.93625            
252.89099  266.91918            
253.89056  266.45739            
254.89013  266.09374            
255.8897  266.75019            
256.88927  266.55315            
257.88884  265.3045            
258.88841  265.08956            
259.88797  265.21985            
260.88754  265.20521            
261.88711  264.66763            
262.88668  264.84245            
263.88625  265.96278            
264.88582  265.50492            
265.88539  262.10299            
266.88496  261.69611            
267.88453  261.99901            
268.8841  261.1767            
269.88367  260.8817            
270.88324  262.08061            
271.8828  259.8869            
272.88237  259.8941            
273.88194  258.2702            
274.88151  258.71163            
275.88108  257.77204            
276.88065  257.58978            
277.88022  257.86441            
278.87979  256.21433            
279.87936  256.53072            
280.87893  255.5405            
281.8785  255.00282            
282.87806  254.3614            
283.87763  253.38281            
284.8772  252.91772            
285.87677  252.75386            
286.87634  251.74647            
287.87591  251.46695            
288.87548  250.9109            
289.87505  251.01568            
290.87462  250.77642            
291.87419  248.94405            
292.87376  249.21075            
293.87333  248.26222            
294.87289  247.56489            
295.87246  247.15475            
296.87203  246.78706            
297.8716  246.40267            
298.87117  246.25622            
299.87074  245.06439            
300.87031  245.52039            
301.86988  244.26452            
302.86945  244.60866            
303.86902  243.97981            
304.86859  243.08155            
305.86815  243.07342            
306.86772  243.0426            
307.86729  242.42268            
308.86686  242.0093            
309.86643  241.21762            
310.866  242.61547            
311.86557  243.24843            
312.86514  242.88156            
313.86471  243.00877            
314.86428  242.77201            
315.86385  242.07949            
316.86342  241.8531            
317.86298  243.8726            
318.86255  244.07868            
319.86212  242.27026            
320.86169  242.60301            
321.86126  242.5685            
322.86083  242.08799            
323.8604  242.35288            
324.85997  243.05653            
325.85954  243.46701            
326.85911  241.77941            
327.85868  240.97508            
328.85824  241.01693            
329.85781  241.12728            
330.85738  241.23718            
331.85695  240.99727            
332.85652  241.6198            
333.85609  241.08579            
334.85566  241.91335            
335.85523  241.87236            
336.8548  242.32286            
337.85437  243.04685            
338.85394  243.34021            
339.85351  242.99481            
340.85307  243.00102            
341.85264  243.37432            
342.85221  244.03765            
343.85178  244.21878            
344.85135  244.05792            
345.85092  244.5736            
346.85049  244.32348            
347.85006  244.47976            
348.84963  246.14626            
349.8492  245.69432            
350.84877  246.12344            
351.84833  246.54443            
352.8479  245.47977            
353.84747  247.36121            
354.84704  247.33683            
355.84661  248.74591            
356.84618  249.59355            
357.84575  248.9305            
358.84532  249.3397            
359.84489  250.6144            
360.84446  250.81396            
361.84403  252.19564            
362.8436  250.98127            
363.84316  251.84074            
364.84273  254.26548            
365.8423  254.92571            
366.84187  254.14601            
367.84144  253.71398            
368.84101  255.38729            
369.84058  255.97002            
370.84015  255.67881            
371.83972  256.24195            
372.83929  258.20377            
373.83886  259.31947            
374.83842  260.0755            
375.83799  260.33249            
376.83756  259.84247            
377.83713  259.97859            
378.8367  260.29524            
379.83627  261.64072            
380.83584  262.92726            
381.83541  266.25007            
382.83498  265.58043            
383.83455  265.91925            
384.83412  266.23453            
385.83369  266.8938            
386.83325  267.45964            
387.83282  268.56908            
388.83239  269.90583            
389.83196  270.46389            
390.83153  271.136            
391.8311  272.03875            
392.83067  271.2876            
393.83024  270.9829            
394.82981  274.01743            
395.82938  273.10713            
396.82895  273.41483            
397.82851  274.59176            
398.82808  274.80302            
399.82765  275.93442            
400.82722  275.14057            
401.82679  274.86125            
402.82636  277.27405            
403.82593  278.98052            
404.8255  280.2087            
405.82507  280.55884            
406.82464  279.32288            
407.82421  280.36472            
408.82378  281.02883            
409.82334  282.17741            
410.82291  283.41814            
411.82248  284.43984            
412.82205  285.01734            
413.82162  285.58669            
414.82119  285.64524            
415.82076  285.32278            
416.82033  286.247            
417.8199  286.32181            
418.81947  287.83608            
419.81904  289.45288            
420.8186  288.83702            
421.81817  290.39563            
422.81774  289.54761            
423.81731  291.17689            
424.81688  291.97            
425.81645  292.73225            
426.81602  292.63914            
427.81559  291.98147            
428.81516  292.27256            
429.81473  292.30114            
430.8143  293.55099            
431.81387  292.55853            
432.81343  294.91561            
433.813  293.86582            
434.81257  294.85807            
435.81214  293.63414            
436.81171  294.76335            
437.81128  296.86257            
438.81085  296.05946            
439.81042  295.77101            
440.80999  296.80104            
441.80956  294.22071            
442.80913  293.12994            
443.8087  295.68986            
444.80826  296.84891            
445.80783  296.83419            
446.8074  294.66098            
447.80697  294.49773            
448.80654  293.67552            
449.80611  293.58762            
450.80568  293.10426            
451.80525  293.45981            
452.80482  293.30916            
453.80439  292.92879            
454.80396  293.49463            
455.80352  293.27836            
456.80309  293.56905            
457.80266  295.63992            
458.80223  296.48369            
459.8018  293.90528            
460.80137  292.34966            
461.80094  293.38348            
462.80051  294.22728            
463.80008  292.86735            
464.79965  292.45425            
465.79922  292.36159            
466.79879  288.57253            
467.79835  288.90765            
468.79792  286.8356            
469.79749  287.39024            
470.79706  286.5467            
471.79663  287.45378            
472.7962  285.51924            
473.79577  285.8853            
474.79534  285.14138            
475.79491  285.29896            
476.79448  285.43228            
477.79405  285.14217            
478.79361  285.021            
479.79318  284.92585            
480.79275  285.06687            
481.79232  284.94765            
482.79189  282.95692            
483.79146  282.57128            
484.79103  283.04132            
485.7906  283.42727            
486.79017  281.85029            
487.78974  281.36748            
488.78931  282.20096            
489.78888  281.06688            
490.78844  280.65926            
491.78801  280.45616            
492.78758  279.22552            
493.78715  278.74179            
494.78672  279.45745            
495.78629  277.99187            
496.78586  278.7384            
497.78543  278.16571            
498.785  277.57632            
499.78457  276.61217            
500.78414  276.9156            
501.7837  277.25094            
502.78327  277.88089            
503.78284  276.37385            
504.78241  277.24519            
505.78198  276.42189            
506.78155  277.78106            
507.78112  276.87573            
508.78069  274.40136            
509.78026  274.40562            
510.77983  275.01179            
511.7794  277.74838            
512.77897  276.55249            
513.77853  273.81558            
514.7781  274.16295            
515.77767  275.60378            
516.77724  273.52115            
517.77681  273.06697            
518.77638  273.7491            
519.77595  274.8545            
520.77552  273.26374            
521.77509  272.95505            
522.77466  271.51914            
523.77423  273.38079            
524.77379  275.403            
525.77336  273.52956            
526.77293  273.19261            
527.7725  273.7257            
528.77207  276.8666            
529.77164  278.10702            
530.77121  277.68311            
531.77078  275.8873            
532.77035  278.72013            
533.76992  279.30053            
534.76949  278.36823            
535.76906  278.41706            
536.76862  279.48623            
537.76819  281.51332            
538.76776  280.43489            
539.76733  281.54494            
540.7669  284.3156            
541.76647  284.94359            
542.76604  287.08321            
543.76561  286.92148            
544.76518  285.47287            
545.76475  287.16881            
546.76432  288.53813            
547.76388  289.31235            
548.76345  288.22858            
549.76302  290.92804            
550.76259  291.12491            
551.76216  292.68141            
552.76173  292.5845            
553.7613  292.74394            
554.76087  294.9168            
555.76044  294.762            
556.76001  295.20222            
557.75958  296.78425            
558.75915  297.81396            
559.75871  299.09218            
560.75828  299.44497            
561.75785  300.75649            
562.75742  302.42967            
563.75699  303.51004            
564.75656  303.6278            
565.75613  304.12028            
566.7557  304.81954            
567.75527  306.28876            
568.75484  308.32523            
569.75441  307.69797            
570.75397  310.05092            
571.75354  310.70405            
572.75311  311.22427            
573.75268  311.72433            
574.75225  312.10614            
575.75182  316.09529            
576.75139  317.67696            
577.75096  317.36216            
578.75053  318.30722            
579.7501  318.58636            
580.74967  319.54912            
581.74924  321.16375            
582.7488  322.48351            
583.74837  323.18104            
584.74794  324.43273            
585.74751  326.25534            
586.74708  327.36511            
587.74665  329.40318            
588.74622  331.48862            
589.74579  333.50613            
590.74536  336.09625            
591.74493  337.432            
592.7445  338.80858            
593.74406  340.40321            
594.74363  341.94247            
595.7432  342.99287            
596.74277  345.00375            
597.74234  347.00156            
598.74191  348.17153            
599.74148  351.60553            
600.74105  353.39359            
601.74062  354.64439            
602.74019  357.13877            
603.73976  359.45172            
604.73933  360.5961            
605.73889  362.9198            
606.73846  365.41469            
607.73803  366.53939            
608.7376  369.76766            
609.73717  370.91829            
610.73674  373.49274            
611.73631  375.54007            
612.73588  376.40379            
613.73545  378.27275            
614.73502  379.35696            
615.73459  382.03681            
616.73416  384.12466            
617.73372  386.03458            
618.73329  387.19617            
619.73286  388.87297            
620.73243  389.17363            
621.732  391.29404            
622.73157  393.14928            
623.73114  395.13361            
624.73071  395.90908            
625.73028  397.59365            
626.72985  398.66301            
627.72942  398.82973            
628.72898  401.73816            
629.72855  401.99315            
630.72812  403.31455            
631.72769  403.27495            
632.72726  404.74766            
633.72683  405.94204            
634.7264  405.92175            
635.72597  406.92175            
636.72554  407.50972            
637.72511  407.53129            
638.72468  408.0418            
639.72425  410.32628            
640.72381  411.67946            
641.72338  410.78324            
642.72295  410.06811            
643.72252  410.24836            
644.72209  410.86905            
645.72166  411.67792            
646.72123  413.09307            
647.7208  414.44705            
648.72037  414.70082            
649.71994  411.10961            
650.71951  411.89877            
651.71907  410.86082            
652.71864  410.95155            
653.71821  414.19986            
654.71778  413.74556            
655.71735  411.02822            
656.71692  411.66461            
657.71649  415.57449            
658.71606  415.48613            
659.71563  416.36133            
660.7152  415.36195            
661.71477  415.71756            
662.71434  414.26535            
663.7139  411.66923            
664.71347  413.81553            
665.71304  414.54992            
666.71261  413.14077            
667.71218  414.04249            
668.71175  412.9624            
669.71132  413.84901            
670.71089  413.82611            
671.71046  416.38425            
672.71003  415.25967            
673.7096  412.3404            
674.70916  410.68978            
675.70873  409.11871            
676.7083  409.31827            
677.70787  406.25448            
678.70744  407.31618            
679.70701  405.38227            
680.70658  405.30592            
681.70615  404.67262            
682.70572  403.16554            
683.70529  403.80912            
684.70486  401.85494            
685.70443  403.50308            
686.70399  399.75995            
687.70356  397.70834            
688.70313  395.33847            
689.7027  394.7021            
690.70227  393.35427            
691.70184  389.97902            
692.70141  388.44809            
693.70098  385.06126            
694.70055  384.96997            
695.70012  381.82411            
696.69969  378.89442            
697.69925  375.65545            
698.69882  372.14659            
699.69839  369.12425            
700.69796  366.32989            
701.69753  363.05268            
702.6971  361.0525            
703.69667  356.2684            
704.69624  354.4769            
705.69581  351.5263            
706.69538  346.52824            
707.69495  344.33656            
708.69452  341.11587            
709.69408  335.41553            
710.69365  331.84116            
711.69322  329.27473            
712.69279  326.19635            
713.69236  323.43339            
714.69193  317.45506            
715.6915  313.58429            
716.69107  310.64431            
717.69064  306.54415            
718.69021  304.06498            
719.68978  300.10021            
720.68934  295.50693            
721.68891  291.37236            
722.68848  287.206            
723.68805  282.98839            
724.68762  280.79816            
725.68719  277.07643            
726.68676  272.754            
727.68633  268.95237            
728.6859  264.95562            
729.68547  261.53188            
730.68504  258.14135            
731.68461  254.11131            
732.68417  250.14731            
733.68374  245.56827            
734.68331  242.39965            
735.68288  238.95912            
736.68245  234.08979            
737.68202  229.85212            
738.68159  225.8149            
739.68116  222.10875            
740.68073  217.91008            
741.6803  214.49548            
742.67987  210.37089            
743.67943  205.77869            
744.679  201.98018            
745.67857  197.86565            
746.67814  192.41231            
747.67771  189.71876            
748.67728  185.3738            
749.67685  181.47478            
750.67642  177.863            
751.67599  173.27532            
752.67556  169.41602            
753.67513  166.12154            
754.6747  162.32194            
755.67426  157.97571            
756.67383  154.22324            
757.6734  149.70983            
758.67297  145.65557            
759.67254  142.27149            
760.67211  138.13437            
761.67168  135.17074            
762.67125  131.55268            
763.67082  127.62604            
764.67039  124.28292            
765.66996  120.90247            
766.66952  116.81618            
767.66909  113.75814            
768.66866  110.23265            
769.66823  107.63937            
770.6678  104.25872            
771.66737  101.4088            
772.66694  98.267784            
773.66651  94.92349            
774.66608  92.376241            
775.66565  89.385021            
776.66522  85.762723            
777.66479  83.218589            
778.66435  81.174708            
779.66392  78.270158            
780.66349  75.676289            
781.66306  73.195071            
782.66263  70.10063            
783.6622  67.720896            
784.66177  65.578659            
785.66134  63.34503            
786.66091  60.922538            
787.66048  58.688986            
788.66005  56.295986            
789.65962  54.303598            
790.65918  51.880036            
791.65875  49.664357            
792.65832  47.539018            
793.65789  45.493994            
794.65746  43.840212            
795.65703  41.868406            
796.6566  39.92657            
797.65617  38.304018            
798.65574  36.248547            
799.65531  34.747917            
800.65488  32.739637            
801.65444  31.095009            
802.65401  29.498599            
803.65358  27.682761            
804.65315  26.424654            
805.65272  25.108451            
806.65229  23.741849            
807.65186  22.353188            
808.65143  21.141144            
809.651  20.062155            
810.65057  18.786757            
811.65014  17.846594            
812.64971  16.67449            
813.64927  15.98809            
814.64884  14.88637            
815.64841  14.031117            
816.64798  13.310679            
817.64755  12.51831            
818.64712  11.910285            
819.64669  11.204578            
820.64626  10.645861            
821.64583  10.013589            
822.6454  9.5063173            
823.64497  8.9908525            
824.64453  8.6682488            
825.6441  8.1905722            
826.64367  7.7282899            
827.64324  7.3926801            
828.64281  7.0933214            
829.64238  6.7454404            
830.64195  6.6388819            
831.64152  6.3565527            
832.64109  6.2177381            
833.64066  6.0066379            
834.64023  5.6913161            
835.6398  5.4901098            
836.63936  5.4187426            
837.63893  5.1595289            
838.6385  5.0531196            
839.63807  5.0401919            
840.63764  4.9669192            
841.63721  4.7843481            
842.63678  4.6630554            
843.63635  4.7671532            
844.63592  4.7579566            
845.63549  4.7964557            
846.63506  4.8834927            
847.63462  4.8955005            
848.63419  4.8977826            
849.63376  4.9304571            
850.63333  5.0953777            
851.6329  5.0320954            
852.63247  5.1504496            
853.63204  5.3594949            
854.63161  5.4195004            
855.63118  5.5035691            
856.63075  5.6380989            
857.63032  5.7893006            
858.62989  5.8571625            
859.62945  5.9142873            
860.62902  5.9428397            
861.62859  6.2811054            
862.62816  6.2890733            
863.62773  6.4590517            
864.6273  6.5415049            
865.62687  6.5780839            
