0  7.9858257            
1.0002399  8.1691299            
2.0004798  8.3000653            
3.0007197  8.532079            
4.0009596  8.8739279            
5.0011995  8.9606073            
6.0014394  9.1645703            
7.0016793  9.4246504            
8.0019192  9.7782057            
9.0021591  10.206951            
10.002399  10.478078            
11.002639  10.955578            
12.002879  11.243855            
13.003119  11.634146            
14.003359  12.178247            
15.003599  12.695913            
16.003838  13.247017            
17.004078  13.923736            
18.004318  14.418756            
19.004558  15.072331            
20.004798  15.570396            
21.005038  16.139824            
22.005278  17.241556            
23.005518  17.843185            
24.005758  18.600458            
25.005998  19.148259            
26.006237  20.182713            
27.006477  21.166197            
28.006717  22.002334            
29.006957  22.810203            
30.007197  24.020736            
31.007437  24.912466            
32.007677  25.832282            
33.007917  26.819774            
34.008157  27.914591            
35.008397  28.914224            
36.008637  29.419028            
37.008876  30.554546            
38.009116  31.802221            
39.009356  32.707949            
40.009596  33.878195            
41.009836  34.706591            
42.010076  35.584523            
43.010316  36.691509            
44.010556  37.928864            
45.010796  38.502906            
46.011036  39.973977            
47.011275  41.186439            
48.011515  42.387457            
49.011755  43.831802            
50.011995  45.109695            
51.012235  46.012259            
52.012475  47.222151            
53.012715  48.659315            
54.012955  50.071522            
55.013195  51.347699            
56.013435  53.214952            
57.013674  54.278279            
58.013914  55.827788            
59.014154  57.265949            
60.014394  59.153762            
61.014634  61.36543            
62.014874  63.5274            
63.015114  64.655177            
64.015354  66.133739            
65.015594  68.230552            
66.015834  70.712659            
67.016074  72.891967            
68.016313  74.956303            
69.016553  77.790443            
70.016793  80.10095            
71.017033  81.392578            
72.017273  84.155754            
73.017513  86.618021            
74.017753  88.903035            
75.017993  91.781861            
76.018233  93.459506            
77.018473  95.774924            
78.018712  98.393279            
79.018952  101.1089            
80.019192  104.04549            
81.019432  106.68122            
82.019672  108.44999            
83.019912  110.68237            
84.020152  113.10761            
85.020392  115.43306            
86.020632  117.87912            
87.020872  120.37438            
88.021111  123.12135            
89.021351  124.98469            
90.021591  127.10999            
91.021831  130.39663            
92.022071  132.44798            
93.022311  134.57321            
94.022551  137.50539            
95.022791  138.7835            
96.023031  141.64797            
97.023271  144.64833            
98.023511  146.91363            
99.02375  150.00249            
100.02399  151.33613            
101.02423  154.14713            
102.02447  157.64839            
103.02471  160.33218            
104.02495  161.53589            
105.02519  165.27894            
106.02543  169.09131            
107.02567  170.92986            
108.02591  172.53858            
109.02615  174.57106            
110.02639  178.29142            
111.02663  182.31539            
112.02687  186.22263            
113.02711  188.50156            
114.02735  191.02545            
115.02759  194.51228            
116.02783  199.20941            
117.02807  203.24242            
118.02831  207.36906            
119.02855  213.44459            
120.02879  217.16335            
121.02903  219.63498            
122.02927  223.28713            
123.02951  228.34525            
124.02975  234.54995            
125.02999  235.50648            
126.03023  240.07285            
127.03047  242.91755            
128.03071  246.41361            
129.03095  251.42031            
130.03119  254.99605            
131.03143  259.77059            
132.03167  262.39154            
133.03191  265.99326            
134.03215  271.47615            
135.03239  274.31341            
136.03263  279.82119            
137.03287  284.10846            
138.03311  286.9214            
139.03335  288.38908            
140.03359  292.96972            
141.03383  297.52021            
142.03407  300.19725            
143.03431  300.48267            
144.03455  306.22092            
145.03479  306.99286            
146.03503  311.05032            
147.03527  314.40311            
148.03551  315.27097            
149.03575  318.60604            
150.03599  321.92653            
151.03623  324.88342            
152.03647  327.87641            
153.03671  331.07803            
154.03695  334.18652            
155.03718  337.37233            
156.03742  339.70433            
157.03766  341.21744            
158.0379  345.00607            
159.03814  347.02512            
160.03838  348.59429            
161.03862  350.30703            
162.03886  355.02208            
163.0391  357.654            
164.03934  359.22897            
165.03958  363.17338            
166.03982  366.09898            
167.04006  368.57379            
168.0403  371.51868            
169.04054  375.62203            
170.04078  378.53687            
171.04102  381.11624            
172.04126  383.82917            
173.0415  386.22961            
174.04174  388.4502            
175.04198  393.69146            
176.04222  396.92435            
177.04246  401.90046            
178.0427  403.11492            
179.04294  405.79582            
180.04318  410.55451            
181.04342  415.01317            
182.04366  417.60953            
183.0439  423.10561            
184.04414  425.66128            
185.04438  427.22834            
186.04462  430.60258            
187.04486  435.66019            
188.0451  436.12891            
189.04534  438.79489            
190.04558  443.423            
191.04582  446.6564            
192.04606  450.96619            
193.0463  454.34675            
194.04654  457.12268            
195.04678  458.24105            
196.04702  459.48897            
197.04726  463.01692            
198.0475  464.0845            
199.04774  466.90985            
200.04798  472.34613            
201.04822  473.26604            
202.04846  474.00388            
203.0487  475.26442            
204.04894  475.021            
205.04918  480.6933            
206.04942  483.59605            
207.04966  484.45602            
208.0499  486.58518            
209.05014  486.40435            
210.05038  488.41234            
211.05062  493.38068            
212.05086  493.22842            
213.0511  495.31028            
214.05134  498.80577            
215.05158  497.95545            
216.05182  498.04084            
217.05206  498.06374            
218.0523  500.64269            
219.05254  500.84937            
220.05278  500.35455            
221.05302  498.73953            
222.05326  502.74093            
223.0535  499.99736            
224.05374  506.2646            
225.05398  503.97589            
226.05422  504.01381            
227.05446  506.46757            
228.0547  507.88798            
229.05494  506.24956            
230.05518  507.54094            
231.05542  508.66157            
232.05566  510.14499            
233.0559  509.51889            
234.05614  508.60947            
235.05638  510.71919            
236.05662  512.63317            
237.05686  509.7789            
238.0571  513.79429            
239.05734  515.656            
240.05758  516.50375            
241.05782  517.85588            
242.05806  518.34921            
243.0583  516.7977            
244.05854  518.51534            
245.05878  518.90012            
246.05902  520.72347            
247.05926  522.54588            
248.0595  523.43215            
249.05974  525.89643            
250.05998  524.59006            
251.06022  525.75769            
252.06046  528.59406            
253.0607  527.58598            
254.06094  533.14806            
255.06118  531.89906            
256.06142  532.61442            
257.06166  535.84383            
258.0619  532.82042            
259.06213  535.67951            
260.06237  536.67756            
261.06261  533.89706            
262.06285  537.01176            
263.06309  540.99345            
264.06333  541.83933            
265.06357  542.65735            
266.06381  541.63438            
267.06405  540.35048            
268.06429  537.77804            
269.06453  539.46057            
270.06477  539.04265            
271.06501  539.42814            
272.06525  540.18099            
273.06549  537.52717            
274.06573  539.18714            
275.06597  538.6711            
276.06621  536.13602            
277.06645  540.51549            
278.06669  544.63643            
279.06693  542.80609            
280.06717  536.49505            
281.06741  534.92444            
282.06765  534.70638            
283.06789  529.20357            
284.06813  532.81873            
285.06837  530.67481            
286.06861  528.3104            
287.06885  530.48295            
288.06909  529.68232            
289.06933  529.90246            
290.06957  526.2365            
291.06981  528.73954            
292.07005  528.90125            
293.07029  523.46009            
294.07053  520.69699            
295.07077  520.23925            
296.07101  521.58813            
297.07125  520.22687            
298.07149  514.55709            
299.07173  512.91375            
300.07197  509.62336            
301.07221  506.58895            
302.07245  507.80775            
303.07269  505.79256            
304.07293  501.9156            
305.07317  501.0201            
306.07341  500.25883            
307.07365  497.87255            
308.07389  497.86258            
309.07413  499.02601            
310.07437  498.53055            
311.07461  494.44648            
312.07485  489.22198            
313.07509  491.96288            
314.07533  491.95694            
315.07557  487.84378            
316.07581  487.62701            
317.07605  486.75903            
318.07629  481.67409            
319.07653  485.5523            
320.07677  481.56951            
321.07701  479.13091            
322.07725  479.41003            
323.07749  478.19179            
324.07773  476.94062            
325.07797  475.2657            
326.07821  475.0256            
327.07845  474.47477            
328.07869  473.2776            
329.07893  473.39233            
330.07917  471.96837            
331.07941  469.1296            
332.07965  466.94662            
333.07989  465.80558            
334.08013  468.19575            
335.08037  469.57898            
336.08061  467.27106            
337.08085  466.30444            
338.08109  467.3436            
339.08133  463.93346            
340.08157  462.53889            
341.08181  462.84991            
342.08205  460.95851            
343.08229  458.77839            
344.08253  459.60773            
345.08277  458.05323            
346.08301  456.6047            
347.08325  456.72354            
348.08349  457.09573            
349.08373  457.48339            
350.08397  455.15194            
351.08421  454.07925            
352.08445  456.69591            
353.08469  458.14376            
354.08493  454.36302            
355.08517  452.77653            
356.08541  452.18321            
357.08565  450.03041            
358.08589  448.69757            
359.08613  448.59955            
360.08637  448.76618            
361.08661  448.52422            
362.08684  445.7673            
363.08708  445.24563            
364.08732  442.6836            
365.08756  442.82726            
366.0878  444.15944            
367.08804  445.64269            
368.08828  442.59875            
369.08852  440.95468            
370.08876  440.28197            
371.089  443.01874            
372.08924  440.69694            
373.08948  441.15804            
374.08972  444.68789            
375.08996  439.74438            
376.0902  442.34151            
377.09044  445.36963            
378.09068  442.44288            
379.09092  439.93882            
380.09116  442.33438            
381.0914  444.81089            
382.09164  443.12301            
383.09188  439.77097            
384.09212  437.2278            
385.09236  438.23162            
386.0926  439.98141            
387.09284  438.12221            
388.09308  438.63578            
389.09332  439.35786            
390.09356  435.55507            
391.0938  437.66998            
392.09404  437.69427            
393.09428  439.77514            
394.09452  440.91646            
395.09476  440.37561            
396.095  438.36354            
397.09524  437.0856            
398.09548  440.02165            
399.09572  441.11702            
400.09596  437.68577            
401.0962  438.74131            
402.09644  440.58679            
403.09668  435.89565            
404.09692  439.24767            
405.09716  438.3228            
406.0974  437.73355            
407.09764  438.1033            
408.09788  437.54788            
409.09812  436.99897            
410.09836  436.6338            
411.0986  437.08936            
412.09884  436.39545            
413.09908  436.15694            
414.09932  434.80861            
415.09956  437.02779            
416.0998  434.64529            
417.10004  433.84567            
418.10028  434.10417            
419.10052  433.39023            
420.10076  432.40546            
421.101  432.6746            
422.10124  432.14422            
423.10148  431.54466            
424.10172  432.24375            
425.10196  434.00223            
426.1022  431.22083            
427.10244  429.07301            
428.10268  429.39601            
429.10292  429.10882            
430.10316  428.56089            
431.1034  429.78325            
432.10364  430.73162            
433.10388  429.01837            
434.10412  429.13385            
435.10436  428.7438            
436.1046  428.27095            
437.10484  428.85602            
438.10508  430.31123            
439.10532  431.18828            
440.10556  430.13028            
441.1058  429.33862            
442.10604  430.7748            
443.10628  432.72979            
444.10652  430.40824            
445.10676  430.98915            
446.107  433.54066            
447.10724  433.95098            
448.10748  437.63672            
449.10772  438.75029            
450.10796  439.4876            
451.1082  437.517            
452.10844  439.54763            
453.10868  440.80444            
454.10892  444.82247            
455.10916  446.06924            
456.1094  445.91162            
457.10964  449.23808            
458.10988  448.10946            
459.11012  450.44137            
460.11036  454.12335            
461.1106  455.49248            
462.11084  454.97373            
463.11108  456.1414            
464.11132  459.3097            
465.11155  458.503            
466.11179  461.00783            
467.11203  463.04209            
468.11227  463.56907            
469.11251  466.11089            
470.11275  466.92063            
471.11299  465.91105            
472.11323  468.15867            
473.11347  471.17031            
474.11371  473.46853            
475.11395  476.09558            
476.11419  477.06131            
477.11443  476.62951            
478.11467  478.39934            
479.11491  480.95238            
480.11515  482.00824            
481.11539  484.34044            
482.11563  488.28413            
483.11587  488.43579            
484.11611  487.58426            
485.11635  489.97554            
486.11659  490.53155            
487.11683  493.93136            
488.11707  492.06693            
489.11731  494.90157            
490.11755  497.07102            
491.11779  499.75539            
492.11803  501.49377            
493.11827  500.04959            
494.11851  504.46834            
495.11875  503.64055            
496.11899  508.49776            
497.11923  506.40929            
498.11947  510.42293            
499.11971  510.21858            
500.11995  512.60342            
501.12019  513.65567            
502.12043  516.67388            
503.12067  519.35513            
504.12091  521.71464            
505.12115  525.41658            
506.12139  525.91631            
507.12163  527.03687            
508.12187  528.28878            
509.12211  530.17245            
510.12235  530.62318            
511.12259  533.25926            
512.12283  536.24031            
513.12307  536.45546            
514.12331  537.68658            
515.12355  540.61071            
516.12379  543.09696            
517.12403  545.63647            
518.12427  547.04329            
519.12451  551.30793            
520.12475  555.78031            
521.12499  557.42714            
522.12523  558.31966            
523.12547  560.9273            
524.12571  563.52452            
525.12595  563.62829            
526.12619  566.84448            
527.12643  569.12048            
528.12667  568.1624            
529.12691  571.54428            
530.12715  572.81081            
531.12739  575.87613            
532.12763  575.46844            
533.12787  578.70095            
534.12811  576.77527            
535.12835  581.37971            
536.12859  579.33633            
537.12883  581.44249            
538.12907  584.38436            
539.12931  586.77711            
540.12955  586.28094            
541.12979  587.66453            
542.13003  588.21158            
543.13027  586.93476            
544.13051  588.88392            
545.13075  588.44392            
546.13099  591.60932            
547.13123  590.28535            
548.13147  589.65238            
549.13171  591.9639            
550.13195  593.86718            
551.13219  592.38909            
552.13243  593.24927            
553.13267  593.13164            
554.13291  592.63172            
555.13315  593.92761            
556.13339  596.56043            
557.13363  596.1741            
558.13387  597.58614            
559.13411  597.70556            
560.13435  599.23127            
561.13459  599.00858            
562.13483  598.55025            
563.13507  600.51725            
564.13531  601.24818            
565.13555  598.68771            
566.13579  601.16314            
567.13603  601.11504            
568.13626  602.26702            
569.1365  602.67276            
570.13674  601.63258            
571.13698  602.29592            
572.13722  600.81621            
573.13746  602.27031            
574.1377  601.88327            
575.13794  602.47186            
576.13818  600.80703            
577.13842  601.77254            
578.13866  602.80767            
579.1389  601.68239            
580.13914  598.87676            
581.13938  599.50009            
582.13962  600.50024            
583.13986  598.65067            
584.1401  597.49203            
585.14034  595.72634            
586.14058  596.57079            
587.14082  595.40362            
588.14106  595.09298            
589.1413  591.18662            
590.14154  589.23371            
591.14178  590.58664            
592.14202  590.60922            
593.14226  587.05004            
594.1425  585.74489            
595.14274  581.78107            
596.14298  580.54075            
597.14322  578.99209            
598.14346  577.36538            
599.1437  573.61649            
600.14394  571.23802            
601.14418  572.21168            
602.14442  567.3173            
603.14466  567.88203            
604.1449  566.95668            
605.14514  562.538            
606.14538  560.03288            
607.14562  558.13286            
608.14586  555.95936            
609.1461  556.08021            
610.14634  549.8966            
611.14658  547.17392            
612.14682  546.49871            
613.14706  546.1811            
614.1473  543.91299            
615.14754  540.9723            
616.14778  533.77692            
617.14802  531.59036            
618.14826  532.10566            
619.1485  528.81379            
620.14874  524.49528            
621.14898  522.13543            
622.14922  519.32795            
623.14946  513.80839            
624.1497  511.19809            
625.14994  510.58066            
626.15018  509.91556            
627.15042  506.95518            
628.15066  500.51933            
629.1509  498.3229            
630.15114  495.73            
631.15138  498.20646            
632.15162  494.3177            
633.15186  490.09857            
634.1521  486.952            
635.15234  482.3871            
636.15258  476.69783            
637.15282  478.29446            
638.15306  472.77604            
639.1533  470.84394            
640.15354  467.73691            
641.15378  463.7228            
642.15402  462.08939            
643.15426  456.61077            
644.1545  451.0892            
645.15474  449.72599            
646.15498  448.00615            
647.15522  443.41718            
648.15546  437.33597            
649.1557  432.47348            
650.15594  429.13123            
651.15618  424.84472            
652.15642  421.29053            
653.15666  417.75201            
654.1569  415.51501            
655.15714  408.71708            
656.15738  405.52697            
657.15762  402.23154            
658.15786  399.9229            
659.1581  397.26759            
660.15834  394.23934            
661.15858  389.70764            
662.15882  382.52739            
663.15906  380.58479            
664.1593  379.20003            
665.15954  375.27129            
666.15978  368.58323            
667.16002  363.91587            
668.16026  362.57223            
669.1605  357.52405            
670.16074  354.27608            
671.16097  349.16632            
672.16121  345.91607            
673.16145  340.62536            
674.16169  338.2211            
675.16193  334.94815            
676.16217  329.31355            
677.16241  328.21695            
678.16265  324.79074            
679.16289  321.18205            
680.16313  315.89992            
681.16337  312.50272            
682.16361  309.26534            
683.16385  306.0235            
684.16409  301.62707            
685.16433  297.12459            
686.16457  291.99251            
687.16481  289.34572            
688.16505  284.58157            
689.16529  281.77659            
690.16553  276.96304            
691.16577  273.6329            
692.16601  268.54049            
693.16625  265.68571            
694.16649  261.16038            
695.16673  257.31783            
696.16697  253.70943            
697.16721  248.71228            
698.16745  244.74154            
699.16769  241.15831            
700.16793  236.99958            
701.16817  232.46831            
702.16841  228.86336            
703.16865  225.3019            
704.16889  222.01362            
705.16913  216.79209            
706.16937  211.83393            
707.16961  207.89669            
708.16985  204.23499            
709.17009  200.14321            
710.17033  195.71169            
711.17057  192.22825            
712.17081  189.86848            
713.17105  185.01003            
714.17129  181.10114            
715.17153  177.02312            
716.17177  172.60147            
717.17201  169.00624            
718.17225  165.1087            
719.17249  160.98835            
720.17273  158.53101            
721.17297  154.16467            
722.17321  151.38971            
723.17345  147.29201            
724.17369  144.62853            
725.17393  140.59024            
726.17417  136.52123            
727.17441  133.10889            
728.17465  129.58412            
729.17489  126.02232            
730.17513  123.75573            
731.17537  120.13806            
732.17561  116.30162            
733.17585  113.58159            
734.17609  110.40236            
735.17633  107.34212            
736.17657  104.30177            
737.17681  101.76622            
738.17705  98.701687            
739.17729  95.267878            
740.17753  92.629972            
741.17777  89.796943            
742.17801  86.92288            
743.17825  83.817093            
744.17849  80.960398            
745.17873  78.444232            
746.17897  75.985846            
747.17921  73.819536            
748.17945  71.90069            
749.17969  68.54463            
750.17993  66.037556            
751.18017  63.787725            
752.18041  61.437414            
753.18065  59.279496            
754.18089  57.323949            
755.18113  55.070046            
756.18137  52.827122            
757.18161  50.958638            
758.18185  49.06529            
759.18209  46.930553            
760.18233  45.124199            
761.18257  43.244302            
762.18281  41.746314            
763.18305  39.871213            
764.18329  38.130858            
765.18353  36.419263            
766.18377  34.843462            
767.18401  33.635993            
768.18425  32.217366            
769.18449  30.686604            
770.18473  29.346822            
771.18497  28.202281            
772.18521  26.887443            
773.18545  25.708604            
774.18569  24.361914            
775.18592  23.426022            
776.18616  22.508446            
777.1864  21.224256            
778.18664  20.525491            
779.18688  19.451966            
780.18712  18.355182            
781.18736  17.686991            
782.1876  17.084907            
783.18784  16.079738            
784.18808  15.497424            
785.18832  14.779134            
786.18856  14.229292            
787.1888  13.6584            
788.18904  12.796982            
789.18928  12.307764            
790.18952  11.599064            
791.18976  11.346918            
792.19  10.820934            
793.19024  10.454311            
794.19048  10.122919            
795.19072  9.6062389            
796.19096  9.3011987            
797.1912  9.1494956            
798.19144  8.7337203            
799.19168  8.2832606            
800.19192  7.9914118            
801.19216  7.6099322            
802.1924  7.3743484            
803.19264  7.2071438            
804.19288  7.0531922            
805.19312  6.8281413            
806.19336  6.7848885            
807.1936  6.6857798            
808.19384  6.6528671            
809.19408  6.2514235            
