0  6.5298385            
0.99953898  6.5562813            
1.999078  6.740377            
2.9986169  6.787363            
3.9981559  6.7745048            
4.9976949  6.8315617            
5.9972339  7.03698            
6.9967729  7.0441749            
7.9963118  7.1069573            
8.9958508  7.1717022            
9.9953898  7.3099235            
10.994929  7.3115836            
11.994468  7.0272222            
12.994007  7.3041502            
13.993546  7.2045762            
14.993085  7.3462128            
15.992624  7.5309951            
16.992163  7.4502611            
17.991702  7.4188784            
18.991241  7.572362            
19.99078  7.5111451            
20.990319  7.7633873            
21.989858  7.8042635            
22.989397  8.0077012            
23.988936  7.9422255            
24.988474  8.1763262            
25.988013  8.4367537            
26.987552  8.4864414            
27.987091  8.9500194            
28.98663  9.0745999            
29.986169  9.2803054            
30.985708  9.4389865            
31.985247  9.557245            
32.984786  9.8687378            
33.984325  9.897045            
34.983864  10.016287            
35.983403  10.492223            
36.982942  10.619724            
37.982481  10.740675            
38.98202  10.832163            
39.981559  11.185952            
40.981098  11.362162            
41.980637  11.401139            
42.980176  11.565528            
43.979715  11.807752            
44.979254  11.959474            
45.978793  12.022635            
46.978332  12.282622            
47.977871  12.724097            
48.97741  12.957918            
49.976949  13.288348            
50.976488  13.427534            
51.976027  13.229589            
52.975566  13.418931            
53.975105  13.828944            
54.974644  14.155423            
55.974183  14.366377            
56.973722  14.502667            
57.973261  14.66303            
58.9728  15.051469            
59.972339  15.039218            
60.971878  15.434271            
61.971417  15.44324            
62.970956  15.55543            
63.970495  15.883285            
64.970034  16.078672            
65.969573  16.429873            
66.969112  17.120696            
67.968651  17.070359            
68.96819  17.401014            
69.967729  17.230371            
70.967268  17.594526            
71.966807  18.108645            
72.966345  18.52741            
73.965884  19.091103            
74.965423  19.333609            
75.964962  19.963832            
76.964501  20.332892            
77.96404  20.86747            
78.963579  21.148739            
79.963118  21.385422            
80.962657  21.547338            
81.962196  21.846886            
82.961735  22.565377            
83.961274  23.253095            
84.960813  23.396249            
85.960352  23.649872            
86.959891  24.170488            
87.95943  24.325079            
88.958969  24.748558            
89.958508  25.162438            
90.958047  25.53223            
91.957586  25.958319            
92.957125  26.132404            
93.956664  26.564284            
94.956203  26.619908            
95.955742  27.29585            
96.955281  27.673917            
97.95482  27.673963            
98.954359  28.134927            
99.953898  28.420398            
100.95344  29.110841            
101.95298  29.419048            
102.95251  29.655936            
103.95205  30.164841            
104.95159  30.625141            
105.95113  31.065921            
106.95067  31.556306            
107.95021  31.95944            
108.94975  32.139533            
109.94929  32.782825            
110.94883  33.759653            
111.94837  34.550937            
112.9479  35.163775            
113.94744  35.916726            
114.94698  36.417133            
115.94652  37.243968            
116.94606  37.962282            
117.9456  39.007725            
118.94514  39.96966            
119.94468  40.7198            
120.94422  41.58584            
121.94376  42.239203            
122.94329  42.979108            
123.94283  43.652012            
124.94237  43.48789            
125.94191  44.621759            
126.94145  45.766814            
127.94099  46.771592            
128.94053  47.20785            
129.94007  48.114343            
130.93961  48.589543            
131.93915  49.135571            
132.93868  49.23904            
133.93822  50.540782            
134.93776  50.891598            
135.9373  52.311202            
136.93684  52.104645            
137.93638  52.526738            
138.93592  52.753496            
139.93546  53.481606            
140.935  53.422242            
141.93454  53.86614            
142.93407  54.518118            
143.93361  54.566918            
144.93315  55.221604            
145.93269  55.628144            
146.93223  56.0666            
147.93177  57.003873            
148.93131  58.139325            
149.93085  58.331228            
150.93039  58.347626            
151.92992  58.513825            
152.92946  59.342601            
153.929  60.342549            
154.92854  60.908995            
155.92808  61.83292            
156.92762  62.401225            
157.92716  63.424353            
158.9267  63.757035            
159.92624  64.66954            
160.92578  65.025285            
161.92531  65.696591            
162.92485  66.366985            
163.92439  68.314591            
164.92393  68.532637            
165.92347  69.215585            
166.92301  70.156925            
167.92255  70.871405            
168.92209  72.295709            
169.92163  72.387391            
170.92117  73.138025            
171.9207  74.316627            
172.92024  75.016558            
173.91978  76.461928            
174.91932  78.159244            
175.91886  78.489092            
176.9184  79.607831            
177.91794  79.775335            
178.91748  80.803142            
179.91702  81.79394            
180.91656  82.795622            
181.91609  84.198901            
182.91563  85.507005            
183.91517  85.636726            
184.91471  87.131973            
185.91425  88.002724            
186.91379  88.522088            
187.91333  88.070447            
188.91287  89.445917            
189.91241  90.401462            
190.91195  91.617707            
191.91148  92.176517            
192.91102  93.399046            
193.91056  93.356314            
194.9101  93.920725            
195.90964  95.46898            
196.90918  95.454404            
197.90872  95.919057            
198.90826  95.689927            
199.9078  97.058905            
200.90733  98.282044            
201.90687  98.962297            
202.90641  98.262293            
203.90595  100.33098            
204.90549  101.08501            
205.90503  100.76078            
206.90457  102.23531            
207.90411  103.07202            
208.90365  103.96625            
209.90319  105.50706            
210.90272  106.29615            
211.90226  106.82137            
212.9018  108.1412            
213.90134  109.79804            
214.90088  110.14953            
215.90042  111.03882            
216.89996  113.08093            
217.8995  114.11879            
218.89904  114.68125            
219.89858  117.26961            
220.89811  118.8796            
221.89765  120.11147            
222.89719  121.14073            
223.89673  122.46668            
224.89627  124.1013            
225.89581  125.22581            
226.89535  125.98607            
227.89489  128.41767            
228.89443  130.32968            
229.89397  131.94238            
230.8935  132.87378            
231.89304  134.20011            
232.89258  134.94081            
233.89212  136.39361            
234.89166  138.5767            
235.8912  139.8866            
236.89074  140.81436            
237.89028  141.87307            
238.88982  143.15595            
239.88936  143.32778            
240.88889  144.64987            
241.88843  147.2937            
242.88797  146.85712            
243.88751  148.14026            
244.88705  149.51258            
245.88659  150.44958            
246.88613  151.11905            
247.88567  152.48041            
248.88521  152.78546            
249.88474  153.31391            
250.88428  154.85802            
251.88382  155.27195            
252.88336  156.22292            
253.8829  156.31933            
254.88244  157.38912            
255.88198  158.10353            
256.88152  159.48752            
257.88106  159.66413            
258.8806  159.93377            
259.88013  161.97235            
260.87967  162.76852            
261.87921  161.57849            
262.87875  162.82284            
263.87829  163.66016            
264.87783  165.25399            
265.87737  165.5394            
266.87691  167.2785            
267.87645  169.48428            
268.87599  169.59803            
269.87552  170.58102            
270.87506  171.27291            
271.8746  172.30252            
272.87414  173.37485            
273.87368  172.76404            
274.87322  174.88256            
275.87276  175.79772            
276.8723  178.31439            
277.87184  180.02734            
278.87138  182.43648            
279.87091  182.37335            
280.87045  182.43017            
281.86999  184.90313            
282.86953  186.68271            
283.86907  187.19061            
284.86861  189.56499            
285.86815  191.21677            
286.86769  192.07874            
287.86723  194.7606            
288.86676  194.677            
289.8663  198.23825            
290.86584  199.50633            
291.86538  200.19141            
292.86492  203.00881            
293.86446  204.28813            
294.864  205.38374            
295.86354  207.12648            
296.86308  209.83023            
297.86262  209.98912            
298.86215  211.28695            
299.86169  213.44322            
300.86123  215.50917            
301.86077  217.2499            
302.86031  218.38546            
303.85985  220.34835            
304.85939  222.14029            
305.85893  224.29612            
306.85847  224.93624            
307.85801  226.25068            
308.85754  227.14344            
309.85708  228.56876            
310.85662  228.46666            
311.85616  231.7985            
312.8557  233.41297            
313.85524  233.76275            
314.85478  234.02481            
315.85432  236.09093            
316.85386  236.51447            
317.8534  237.88249            
318.85293  238.25508            
319.85247  239.99574            
320.85201  241.53702            
321.85155  242.5959            
322.85109  243.85725            
323.85063  243.78734            
324.85017  244.87697            
325.84971  246.89624            
326.84925  246.4038            
327.84879  247.39628            
328.84832  249.0255            
329.84786  250.84924            
330.8474  251.47344            
331.84694  251.73089            
332.84648  253.16991            
333.84602  254.07789            
334.84556  254.46128            
335.8451  256.14701            
336.84464  257.68267            
337.84417  258.38279            
338.84371  261.77341            
339.84325  261.45587            
340.84279  262.05705            
341.84233  264.66942            
342.84187  265.54155            
343.84141  266.77988            
344.84095  268.31499            
345.84049  268.89228            
346.84003  268.05787            
347.83956  271.57594            
348.8391  271.97021            
349.83864  274.38993            
350.83818  275.43456            
351.83772  278.16722            
352.83726  278.67363            
353.8368  278.78515            
354.83634  280.48312            
355.83588  282.32184            
356.83542  285.10856            
357.83495  286.50852            
358.83449  287.31064            
359.83403  288.74422            
360.83357  289.21036            
361.83311  291.03866            
362.83265  293.0975            
363.83219  294.13869            
364.83173  295.77036            
365.83127  297.25936            
366.83081  299.23333            
367.83034  300.74688            
368.82988  303.53133            
369.82942  304.51841            
370.82896  307.15317            
371.8285  307.86517            
372.82804  309.16048            
373.82758  311.6865            
374.82712  311.88866            
375.82666  313.81145            
376.8262  315.40649            
377.82573  317.95833            
378.82527  321.04855            
379.82481  320.1877            
380.82435  322.02641            
381.82389  324.51757            
382.82343  329.17349            
383.82297  329.36966            
384.82251  330.18421            
385.82205  330.685            
386.82158  333.12419            
387.82112  335.32016            
388.82066  337.82979            
389.8202  338.19718            
390.81974  340.01185            
391.81928  342.09535            
392.81882  343.83008            
393.81836  343.81944            
394.8179  345.81133            
395.81744  347.93405            
396.81697  348.64487            
397.81651  350.09637            
398.81605  351.86433            
399.81559  352.76651            
400.81513  355.25236            
401.81467  355.23118            
402.81421  357.5128            
403.81375  357.68809            
404.81329  359.87517            
405.81283  360.70828            
406.81236  361.89586            
407.8119  363.33534            
408.81144  364.94746            
409.81098  365.99666            
410.81052  367.89418            
411.81006  367.3659            
412.8096  369.76193            
413.80914  372.30031            
414.80868  371.82608            
415.80822  373.85046            
416.80775  374.87719            
417.80729  373.93443            
418.80683  376.71335            
419.80637  377.79948            
420.80591  377.58956            
421.80545  377.58225            
422.80499  380.9555            
423.80453  380.94721            
424.80407  381.54087            
425.80361  383.54726            
426.80314  385.28063            
427.80268  386.65586            
428.80222  387.64448            
429.80176  387.12549            
430.8013  387.6194            
431.80084  389.5321            
432.80038  390.13382            
433.79992  390.85432            
434.79946  391.31936            
435.79899  391.96017            
436.79853  393.12386            
437.79807  395.68219            
438.79761  396.16859            
439.79715  396.0989            
440.79669  396.95841            
441.79623  398.96472            
442.79577  398.87445            
443.79531  403.06835            
444.79485  402.73801            
445.79438  401.84619            
446.79392  404.9149            
447.79346  406.35772            
448.793  406.93354            
449.79254  407.23238            
450.79208  409.65849            
451.79162  412.36432            
452.79116  413.06435            
453.7907  413.29117            
454.79024  417.20546            
455.78977  420.00744            
456.78931  421.21611            
457.78885  419.68868            
458.78839  423.94502            
459.78793  423.73492            
460.78747  425.73297            
461.78701  427.46802            
462.78655  426.55089            
463.78609  429.79086            
464.78563  429.16822            
465.78516  431.74166            
466.7847  430.83047            
467.78424  431.52514            
468.78378  433.68911            
469.78332  434.65651            
470.78286  435.63922            
471.7824  436.86055            
472.78194  438.12074            
473.78148  437.93221            
474.78102  439.85645            
475.78055  441.87943            
476.78009  443.32211            
477.77963  445.03075            
478.77917  445.96169            
479.77871  443.54752            
480.77825  446.37227            
481.77779  448.11309            
482.77733  449.14031            
483.77687  451.35171            
484.7764  454.5446            
485.77594  452.14013            
486.77548  452.22656            
487.77502  456.32782            
488.77456  454.39203            
489.7741  458.07397            
490.77364  455.00647            
491.77318  456.01407            
492.77272  455.84482            
493.77226  458.86488            
494.77179  456.74794            
495.77133  456.29294            
496.77087  461.33992            
497.77041  462.71407            
498.76995  460.24729            
499.76949  459.45871            
500.76903  461.51789            
501.76857  461.90555            
502.76811  461.6088            
503.76765  459.94726            
504.76718  458.37988            
505.76672  459.66619            
506.76626  458.89518            
507.7658  460.94455            
508.76534  459.29026            
509.76488  463.04014            
510.76442  465.87667            
511.76396  464.66432            
512.7635  462.7855            
513.76304  465.86936            
514.76257  468.95038            
515.76211  467.55151            
516.76165  463.96489            
517.76119  467.9017            
518.76073  472.12938            
519.76027  470.77885            
520.75981  468.31069            
521.75935  466.86489            
522.75889  468.50593            
523.75843  469.39038            
524.75796  471.82127            
525.7575  470.67402            
526.75704  471.22262            
527.75658  472.39094            
528.75612  471.66928            
529.75566  472.2982            
530.7552  475.00376            
531.75474  475.99293            
532.75428  474.50808            
533.75381  470.42646            
534.75335  472.1773            
535.75289  473.96554            
536.75243  474.17216            
537.75197  472.96206            
538.75151  472.16015            
539.75105  471.85707            
540.75059  470.94371            
541.75013  471.63591            
542.74967  471.77543            
543.7492  472.41965            
544.74874  472.10958            
545.74828  472.03379            
546.74782  470.10608            
547.74736  467.78842            
548.7469  468.51061            
549.74644  469.01831            
550.74598  466.81677            
551.74552  466.41608            
552.74506  464.52171            
553.74459  464.47134            
554.74413  463.78873            
555.74367  463.5147            
556.74321  464.73342            
557.74275  464.3433            
558.74229  462.37464            
559.74183  462.36067            
560.74137  461.22621            
561.74091  461.75566            
562.74045  458.69981            
563.73998  460.17815            
564.73952  461.58909            
565.73906  460.19901            
566.7386  460.47546            
567.73814  459.97185            
568.73768  458.16122            
569.73722  460.88861            
570.73676  457.88109            
571.7363  459.60116            
572.73584  459.03809            
573.73537  458.56687            
574.73491  458.66764            
575.73445  457.90576            
576.73399  458.36965            
577.73353  456.80602            
578.73307  455.7872            
579.73261  455.76448            
580.73215  456.08517            
581.73169  455.44778            
582.73122  457.41731            
583.73076  455.52452            
584.7303  453.69197            
585.72984  452.48306            
586.72938  451.805            
587.72892  450.59252            
588.72846  450.96986            
589.728  449.70657            
590.72754  449.42931            
591.72708  448.23434            
592.72661  448.83952            
593.72615  448.23178            
594.72569  448.1654            
595.72523  444.51143            
596.72477  441.79564            
597.72431  440.39999            
598.72385  438.26485            
599.72339  437.13775            
600.72293  434.65529            
601.72247  431.91475            
602.722  432.16351            
603.72154  430.38224            
604.72108  430.36933            
605.72062  428.12844            
606.72016  426.23473            
607.7197  423.27571            
608.71924  420.7253            
609.71878  419.57495            
610.71832  420.27075            
611.71786  418.89094            
612.71739  419.77959            
613.71693  413.83003            
614.71647  409.61704            
615.71601  413.0487            
616.71555  409.73237            
617.71509  406.37557            
618.71463  409.20249            
619.71417  411.86938            
620.71371  409.57929            
621.71325  403.90858            
622.71278  401.92113            
623.71232  401.80285            
624.71186  398.53593            
625.7114  399.58781            
626.71094  399.23566            
627.71048  397.83196            
628.71002  396.84876            
629.70956  393.37375            
630.7091  393.94542            
631.70863  395.00855            
632.70817  397.44928            
633.70771  396.5532            
634.70725  393.97177            
635.70679  388.84414            
636.70633  387.31328            
637.70587  391.75574            
638.70541  387.38447            
639.70495  385.07006            
640.70449  391.19671            
641.70402  382.90677            
642.70356  384.82148            
643.7031  388.37893            
644.70264  382.26789            
645.70218  379.43352            
646.70172  383.95444            
647.70126  384.65553            
648.7008  377.50718            
649.70034  375.62871            
650.69988  371.18651            
651.69941  367.02271            
652.69895  367.1446            
653.69849  365.51136            
654.69803  363.74354            
655.69757  361.07759            
656.69711  358.08616            
657.69665  356.37675            
658.69619  356.67204            
659.69573  357.50076            
660.69527  358.70401            
661.6948  358.81461            
662.69434  351.24562            
663.69388  344.60595            
664.69342  345.46006            
665.69296  347.70721            
666.6925  339.59489            
667.69204  337.3994            
668.69158  339.07866            
669.69112  332.73133            
670.69066  331.72098            
671.69019  330.99851            
672.68973  327.01912            
673.68927  326.25882            
674.68881  323.49981            
675.68835  321.23179            
676.68789  319.37815            
677.68743  315.62472            
678.68697  314.01018            
679.68651  311.86733            
680.68604  311.18528            
681.68558  311.35888            
682.68512  308.29963            
683.68466  305.74263            
684.6842  304.28507            
685.68374  301.03182            
686.68328  299.57219            
687.68282  298.12636            
688.68236  296.2831            
689.6819  293.77069            
690.68143  291.65781            
691.68097  291.00859            
692.68051  290.45325            
693.68005  287.80447            
694.67959  285.66992            
695.67913  284.30314            
696.67867  281.25195            
697.67821  277.16926            
698.67775  275.32531            
699.67729  275.66579            
700.67682  274.42137            
701.67636  272.60282            
702.6759  270.23451            
703.67544  269.86987            
704.67498  268.93501            
705.67452  267.10969            
706.67406  265.34223            
707.6736  261.78517            
708.67314  260.88011            
709.67268  259.59395            
710.67221  257.53413            
711.67175  256.41578            
712.67129  252.87825            
713.67083  250.0945            
714.67037  248.09353            
715.66991  246.94577            
716.66945  243.92396            
717.66899  242.3474            
718.66853  239.90421            
719.66807  238.77534            
720.6676  236.62147            
721.66714  233.90172            
722.66668  231.82298            
723.66622  229.23085            
724.66576  228.32343            
725.6653  225.86169            
726.66484  224.12676            
727.66438  222.19723            
728.66392  220.55083            
729.66345  217.66359            
730.66299  215.93661            
731.66253  213.86816            
732.66207  211.30136            
733.66161  209.62816            
734.66115  207.35071            
735.66069  205.46537            
736.66023  202.75875            
737.65977  201.52961            
738.65931  200.60666            
739.65884  197.90594            
740.65838  197.15275            
741.65792  194.29178            
742.65746  192.63389            
743.657  190.36082            
744.65654  188.54424            
745.65608  186.85583            
746.65562  184.08072            
747.65516  183.18448            
748.6547  181.16818            
749.65423  178.96947            
750.65377  177.50531            
751.65331  176.15012            
752.65285  174.13141            
753.65239  172.37643            
754.65193  170.51203            
755.65147  169.06154            
756.65101  167.70184            
757.65055  165.37384            
758.65009  163.13397            
759.64962  161.71114            
760.64916  160.68165            
761.6487  158.93528            
762.64824  156.56489            
763.64778  155.22344            
764.64732  153.26045            
765.64686  151.8842            
766.6464  149.57136            
767.64594  148.01543            
768.64547  146.49921            
769.64501  144.78542            
770.64455  143.5461            
771.64409  141.41648            
772.64363  139.89211            
773.64317  137.82529            
774.64271  136.56265            
775.64225  134.90176            
776.64179  132.8642            
777.64133  131.15448            
778.64086  129.30587            
779.6404  127.92108            
780.63994  126.48851            
781.63948  124.2257            
782.63902  123.13446            
783.63856  121.65933            
784.6381  120.56512            
785.63764  118.52507            
786.63718  117.70809            
787.63672  115.91381            
788.63625  113.5317            
789.63579  111.25888            
790.63533  110.0831            
791.63487  108.50692            
792.63441  107.0988            
793.63395  105.01732            
794.63349  102.94289            
795.63303  102.01454            
796.63257  99.900565            
797.63211  98.779673            
798.63164  97.668361            
799.63118  96.670187            
800.63072  94.430657            
801.63026  93.126725            
802.6298  92.127452            
803.62934  90.531457            
804.62888  89.003932            
805.62842  87.505873            
806.62796  86.339189            
807.6275  85.188522            
808.62703  84.54018            
809.62657  83.214169            
810.62611  81.964345            
811.62565  81.02298            
812.62519  79.243228            
813.62473  77.657895            
814.62427  77.082901            
815.62381  75.731381            
816.62335  75.258627            
817.62288  73.924642            
818.62242  72.774229            
819.62196  71.512856            
820.6215  70.588531            
821.62104  69.113672            
822.62058  68.201609            
823.62012  67.400026            
824.61966  66.247233            
825.6192  65.402489            
826.61874  64.021789            
827.61827  63.253217            
828.61781  62.456738            
829.61735  60.869124            
830.61689  59.92905            
831.61643  58.989499            
832.61597  57.709957            
833.61551  55.99206            
834.61505  55.589762            
835.61459  54.435923            
836.61413  53.739761            
837.61366  53.636718            
838.6132  52.206273            
839.61274  50.908934            
840.61228  50.224122            
841.61182  49.405091            
842.61136  48.518508            
843.6109  47.607927            
844.61044  46.734848            
845.60998  46.34806            
846.60952  45.574593            
847.60905  44.824286            
848.60859  44.72667            
849.60813  43.888737            
850.60767  42.875239            
851.60721  42.357281            
852.60675  41.801208            
853.60629  41.584382            
854.60583  40.506434            
855.60537  40.554712            
856.60491  40.402033            
857.60444  39.569218            
858.60398  38.912746            
859.60352  38.277082            
860.60306  38.114932            
861.6026  36.893032            
862.60214  36.78102            
863.60168  36.397905            
864.60122  35.830303            
865.60076  35.582504            
866.60029  34.751654            
867.59983  34.305419            
868.59937  33.617346            
869.59891  33.037356            
870.59845  32.367901            
871.59799  32.074225            
872.59753  31.072132            
873.59707  30.84036            
874.59661  30.191081            
875.59615  29.505837            
876.59568  29.006937            
877.59522  28.511512            
878.59476  27.797447            
879.5943  27.076924            
880.59384  26.627438            
881.59338  25.641294            
882.59292  25.644819            
883.59246  25.262313            
884.592  24.669312            
885.59154  24.019979            
886.59107  23.394512            
887.59061  22.99065            
888.59015  22.691347            
889.58969  22.175056            
890.58923  21.574569            
891.58877  21.294703            
892.58831  20.722968            
893.58785  20.558697            
894.58739  20.469038            
895.58693  19.751232            
896.58646  19.670057            
897.586  19.286344            
898.58554  19.127935            
899.58508  18.629766            
900.58462  18.573737            
901.58416  17.928601            
902.5837  17.585818            
903.58324  17.452275            
904.58278  17.224584            
905.58232  17.031259            
906.58185  16.821693            
907.58139  16.463956            
908.58093  16.01375            
909.58047  15.634375            
910.58001  15.336957            
911.57955  14.918609            
912.57909  14.453219            
913.57863  14.283642            
914.57817  14.091334            
915.5777  13.544938            
916.57724  13.081352            
917.57678  12.850414            
918.57632  12.590619            
919.57586  12.326924            
920.5754  12.128537            
921.57494  11.630644            
922.57448  11.456115            
923.57402  11.176951            
924.57356  10.836809            
925.57309  10.381987            
926.57263  10.307596            
927.57217  9.9907547            
928.57171  9.7897662            
929.57125  9.5271182            
930.57079  9.2778437            
931.57033  9.2432629            
932.56987  9.0665673            
933.56941  8.842127            
934.56895  8.7106663            
935.56848  8.5376949            
936.56802  8.3672975            
937.56756  8.2275489            
938.5671  8.2269758            
939.56664  8.0298896            
940.56618  7.9844628            
941.56572  7.8382356            
942.56526  7.6289189            
943.5648  7.533648            
944.56434  7.3014691            
945.56387  7.4625894            
946.56341  7.575097            
947.56295  7.5070801            
948.56249  7.2890417            
949.56203  7.4301802            
950.56157  7.2392724            
951.56111  7.0482364            
952.56065  7.0406449            
953.56019  7.0218057            
954.55973  6.8935377            
955.55926  6.8342229            
956.5588  7.0098438            
957.55834  6.9267348            
958.55788  6.8440336            
959.55742  6.6520944            
960.55696  6.4338882            
961.5565  6.8412948            
962.55604  6.8777864            
963.55558  6.7974153            
964.55511  6.6515147            
965.55465  6.5366475            
966.55419  6.464952            
967.55373  6.4228591            
968.55327  6.5410668            
969.55281  6.3918192            
970.55235  6.3729506            
971.55189  6.3817367            
972.55143  6.3983852            
973.55097  6.6316736            
974.5505  6.56017            
975.55004  6.5221451            
976.54958  6.4392153            
977.54912  6.7009412            
978.54866  6.7272079            
979.5482  6.6874287            
980.54774  6.7979241            
981.54728  6.5422948            
982.54682  6.7506883            
983.54636  6.8761181            
984.54589  6.6809584            
985.54543  6.6312611            
986.54497  6.7010314            
987.54451  6.8508562            
988.54405  6.863965            
989.54359  6.8894574            
990.54313  6.9489769            
991.54267  6.9437991            
992.54221  7.0565887            
993.54175  6.894815            
994.54128  6.8733163            
995.54082  7.0070022            
996.54036  6.768663            
997.5399  6.6597528            
998.53944  6.626292            
999.53898  6.6102015            
1000.5385  6.7342188            
1001.5381  6.8183142            
1002.5376  6.6762119            
1003.5371  6.7162918            
1004.5367  6.4292081            
1005.5362  6.4281675            
1006.5358  6.4409734            
1007.5353  6.4608285            
1008.5348  6.3841794            
1009.5344  6.2408716            
1010.5339  6.3673997            
1011.5334  6.2221101            
1012.533  6.2765224            
1013.5325  6.2826891            
1014.5321  6.2216228            
