0  3.441358            
1.000003  3.1690772            
2.0000059  3.6062449            
3.0000089  3.5461386            
4.0000118  3.5656709            
5.0000148  3.888596            
6.0000178  3.7085924            
7.0000207  4            
8.0000237  4            
9.0000266  3.8363296            
10.00003  3.5762143            
11.000033  3.8845409            
12.000036  3.698049            
13.000038  3.8390331            
14.000041  3.4657565            
15.000044  3.6927773            
16.000047  4            
17.00005  4            
18.000053  3.8424124            
19.000056  3.5920294            
20.000059  4            
21.000062  4            
22.000065  4            
23.000068  3.8764306            
24.000071  3.5234298            
25.000074  3.4497161            
26.000077  3.60433            
27.00008  4            
28.000083  4            
29.000086  4            
30.000089  3.7222222            
31.000092  3.1488015            
32.000095  3.5147788            
33.000098  3.4691809            
34.000101  3.487384            
35.000104  3.525953            
36.000107  3.5104533            
37.00011  3.6236595            
38.000112  3.8662927            
39.000115  3.5072092            
40.000118  3.4938722            
41.000121  3.6470893            
42.000124  4            
43.000127  3.8629134            
44.00013  3.5018023            
45.000133  3.6377174            
46.000136  4            
47.000139  3.86021            
48.000142  3.4974768            
49.000145  3.5081103            
50.000148  3.3687258            
51.000151  3.1352843            
52.000154  3.6277598            
53.000157  3.8561548            
54.00016  3.4909886            
55.000163  3.6552897            
56.000166  4            
57.000169  3.8687708            
58.000172  3.3827836            
59.000175  3.2777778            
60.000178  3.8707984            
61.000181  3.6658331            
62.000184  3.7222222            
63.000186  3.127174            
64.000189  3.4553933            
65.000192  3.327138            
66.000195  3.2777778            
67.000198  4            
68.000201  3.7222222            
69.000204  3            
70.000207  3.122443            
71.00021  3.5943724            
72.000213  4            
73.000216  3.8426376            
74.000219  3.5891007            
75.000222  3.8412859            
76.000225  3.4671983            
77.000228  3.6939488            
78.000231  3.8392584            
79.000234  3.5803145            
80.000237  3.8379066            
81.00024  3.2990223            
82.000243  3.1634451            
83.000246  3.5403713            
84.000249  3.5715283            
85.000252  4            
86.000255  4            
87.000258  3.8331756            
88.00026  3.5644994            
89.000263  3.7222222            
90.000266  3.1089258            
91.000269  3.5592277            
92.000272  3.8924259            
93.000275  3.4442867            
94.000278  3.1715554            
95.000281  3.6200324            
96.000284  3.7273362            
97.000287  3.7222222            
98.00029  3.2777778            
99.000293  3.8971569            
100.0003  3.7343651            
101.0003  3.8985086            
102.0003  3.6370641            
103.0003  3.5619987            
104.00031  3.3580697            
105.00031  3.4358385            
106.00031  3.5652429            
107.00032  3.531112            
108.00032  3.9032396            
109.00032  3.6540957            
110.00033  3.5695684            
111.00033  3.4293503            
112.00033  3.7554519            
113.00033  3.9066189            
114.00034  3.5738938            
115.00034  3.2392764            
116.00034  3.0913535            
117.00035  3.422862            
118.00035  3.6759935            
119.00035  3.5793007            
120.00036  3.508268            
121.00036  4            
122.00036  4            
123.00036  3.8088447            
124.00037  3.5012391            
125.00037  4            
126.00037  4            
127.00038  4            
128.00038  4            
129.00038  4            
130.00038  3.8041137            
131.00039  3.4889385            
132.00039  4            
133.00039  4            
134.0004  3.8014103            
135.0004  3.2041317            
136.0004  3.2777778            
137.00041  4            
138.00041  4            
139.00041  3.798031            
140.00041  3.3979904            
141.00042  3.8064116            
142.00042  4            
143.00042  3.7953276            
144.00043  3.2607461            
145.00043  3.4643372            
146.00043  4            
147.00044  4            
148.00044  3.9302739            
149.00044  3.8204695            
150.00044  4            
151.00045  4            
152.00045  4            
153.00045  4            
154.00046  3.7878931            
155.00046  3.4467649            
156.00046  3.7865414            
157.00046  3.4432504            
158.00047  4            
159.00047  3.9377084            
160.00047  3.7781833            
161.00048  3.6247184            
162.00048  3.4344643            
163.00048  4            
164.00049  4            
165.00049  4            
166.00049  3.9424394            
167.00049  3.8520997            
168.0005  3.7784311            
169.0005  3.1999189            
170.0005  3.1974858            
171.00051  3.1408714            
172.00051  3.2777778            
173.00051  4            
174.00052  4            
175.00052  3.7222222            
176.00052  3.2777778            
177.00052  3.9498738            
178.00053  3.5936514            
179.00053  3.2777778            
180.00053  4            
181.00054  3.9525773            
182.00054  3.6474272            
183.00054  3.3514914            
184.00054  3.8819726            
185.00055  4            
186.00055  4            
187.00055  4            
188.00056  4            
189.00056  4            
190.00056  3.95866            
191.00057  3.6571596            
192.00057  3.1039695            
193.00057  3.2777778            
194.00057  3.9613634            
195.00058  3.9013022            
196.00058  4            
197.00058  4            
198.00059  4            
199.00059  3.9647427            
200.00059  3.8755069            
201.00059  3.9118455            
202.0006  4            
203.0006  3.9674462            
204.0006  3.9171172            
205.00061  3.7534243            
206.00061  3.1098946            
207.00061  3.3553888            
208.00062  4            
209.00062  4            
210.00062  4            
211.00062  3.972853            
212.00063  3.904704            
213.00063  3.9329323            
214.00063  4            
215.00064  4.0244435            
216.00064  4.061796            
217.00064  4            
218.00065  4            
219.00065  4            
220.00065  3.9789357            
221.00065  3.9266018            
222.00066  3.9487474            
223.00066  4            
224.00066  4            
225.00067  3.982315            
226.00067  3.6779986            
227.00067  3.0163332            
228.00067  3.0563666            
229.00068  3.3167297            
230.00068  4            
231.00068  3.7222222            
232.00069  3.2777778            
233.00069  4            
234.00069  3.7222222            
235.0007  3.2777778            
236.0007  4            
237.0007  3.7222222            
238.0007  3.2777778            
239.00071  4            
240.00071  4            
241.00071  4            
242.00072  4            
243.00072  3.7277417            
244.00072  3.2903713            
245.00073  4            
246.00073  4            
247.00073  4            
248.00073  4            
249.00074  4            
250.00074  4            
251.00074  3.7223349            
252.00075  3.2792421            
253.00075  4            
254.00075  4            
255.00075  4            
256.00076  3.7254889            
257.00076  3.2840858            
258.00076  3.7102145            
259.00077  3.2777778            
260.00077  3.9940299            
261.00077  3.7115887            
262.00078  3.2968145            
263.00078  4            
264.00078  4            
265.00078  4            
266.00079  4            
267.00079  4            
268.00079  4            
269.0008  3.734275            
270.0008  3.3108723            
271.0008  4            
272.00081  4            
273.00081  4            
274.00081  3.9845679            
275.00081  3.9581193            
276.00082  4            
277.00082  4            
278.00082  4            
279.00083  4            
280.00083  3.7417095            
281.00083  3.0725872            
282.00083  3.3319591            
283.00084  4            
284.00084  4            
285.00084  4            
286.00085  4            
287.00085  3.7464405            
288.00085  3.0896188            
289.00086  3.3442597            
290.00086  4            
291.00086  4            
292.00086  3.7498198            
293.00087  3.1017843            
294.00087  3.3530459            
295.00087  4            
296.00088  4            
297.00088  3.7531991            
298.00088  3.3284221            
299.00089  3.8836172            
300.00089  3.9141885            
301.00089  3.9663197            
302.00089  3.6672524            
303.0009  3.368861            
304.0009  3.7579301            
305.0009  3.3723754            
306.00091  3.7222222            
307.00091  3.2777778            
308.00091  3.7222222            
309.00091  3.2777778            
310.00092  3.960237            
311.00092  3.6575201            
312.00092  3.384676            
313.00093  3.7640128            
314.00093  3.1104127            
315.00093  3.0431423            
316.00094  3.391705            
317.00094  4            
318.00094  4            
319.00094  3.7680679            
320.00095  3.3987339            
321.00095  4            
322.00095  3.7700955            
323.00096  3.1262278            
324.00096  3.2777778            
325.00096  4            
326.00096  3.9494233            
327.00097  3.5889655            
328.00097  3.2777778            
329.00097  4            
330.00098  4            
331.00098  4            
332.00098  3.7768541            
333.00099  3.1438001            
334.00099  3.2777778            
335.00099  4            
336.00099  4            
337.001  4            
338.001  4            
339.001  4            
340.00101  4            
341.00101  4            
342.00101  3.7222222            
343.00102  3.2777778            
344.00102  3.7222222            
345.00102  3.2777778            
346.00102  4            
347.00103  4            
348.00103  4            
349.00103  4            
350.00104  3.9332027            
351.00104  3.8245697            
352.00104  3.7903713            
353.00104  3.4567225            
354.00105  3.9304992            
355.00105  3.7473642            
356.00105  3.6088582            
357.00106  3.4637515            
358.00106  4            
359.00106  3.9271199            
360.00107  3.8087546            
361.00107  4            
362.00107  4            
363.00107  3.9244165            
364.00108  3.6002073            
365.00108  3.2769667            
366.00108  3.4795665            
367.00109  4            
368.00109  4            
369.00109  3.8018609            
370.0011  3.4865955            
371.0011  4            
372.0011  4            
373.0011  4            
374.00111  4            
375.00111  4            
376.00111  3.8065919            
377.00112  3.2211183            
378.00112  3.2777778            
379.00112  4            
380.00112  3.7222222            
381.00113  3.1900288            
382.00113  3.7700955            
383.00113  3.7222222            
384.00114  3.2777778            
385.00114  4            
386.00114  3.9088718            
387.00115  3.6695053            
388.00115  3.5742543            
389.00115  3.3353609            
390.00115  3.5217401            
391.00116  4            
392.00116  4            
393.00116  4            
394.00117  3.8187573            
395.00117  3.5305263            
396.00117  4            
397.00118  3.8207849            
398.00118  3.535798            
399.00118  3.7222222            
400.00118  3.2777778            
401.00119  3.8234883            
402.00119  3.5428269            
403.00119  4            
404.0012  3.7222222            
405.0012  3.1738082            
406.0012  3.4501442            
407.0012  3.1724565            
408.00121  3.6184104            
409.00121  3.7226503            
410.00121  4            
411.00122  3.8919753            
412.00122  3.5483013            
413.00122  3.5621564            
414.00123  4            
415.00123  3.8329503            
416.00123  3.5674281            
417.00123  4            
418.00124  3.8872443            
419.00124  3.7050779            
420.00124  4            
421.00125  3.8852167            
422.00125  3.5374876            
423.00125  3.4635938            
424.00126  3.5353249            
425.00126  3.4229521            
426.00126  3.5850005            
427.00126  3.8811616            
428.00127  3.5697486            
429.00127  3.6875056            
430.00127  3.7222222            
431.00128  3.2777778            
432.00128  3.8777823            
433.00128  3.4026989            
434.00128  3.2777778            
435.00129  4            
436.00129  3.7222222            
437.00129  3.2777778            
438.0013  3.8484951            
439.0013  3.4570154            
440.0013  3.4819771            
441.00131  3.6664189            
442.00131  3.8511985            
443.00131  3.6148734            
444.00131  4            
445.00132  4            
446.00132  3.8683203            
447.00132  3.6558755            
448.00133  4            
449.00133  3.8662927            
450.00133  3.6506038            
451.00133  3.8572812            
452.00134  3.6306885            
453.00134  4            
454.00134  4            
455.00135  4            
456.00135  3.8615617            
457.00135  3.4996395            
458.00136  3.6412319            
459.00136  4            
460.00136  4            
461.00136  4            
462.00137  4            
463.00137  3.8653915            
464.00137  3.6517753            
465.00138  4            
466.00138  4            
467.00138  4            
468.00139  4            
469.00139  3.8527755            
470.00139  3.6154591            
471.00139  4            
472.0014  4            
473.0014  4            
474.0014  3.872826            
475.00141  3.6711048            
476.00141  4            
477.00141  4            
478.00141  4            
479.00142  4            
480.00142  3.8768811            
481.00142  3.6816482            
482.00143  4            
483.00143  4            
484.00143  4            
485.00144  4            
486.00144  4            
487.00144  3.8816121            
488.00144  3.5762368            
489.00145  3.5349644            
490.00145  3.5803145            
491.00145  4            
492.00146  4            
493.00146  4            
494.00146  4            
495.00147  4            
496.00147  3.8876949            
497.00147  3.7097639            
498.00147  4            
499.00148  3.8897224            
500.00148  3.6054339            
501.00148  3.7167928            
502.00149  4            
503.00149  4            
504.00149  4            
505.00149  4            
506.0015  4            
507.0015  4            
508.0015  3.8958052            
509.00151  3.7308507            
510.00151  4            
511.00151  3.8243895            
512.00152  3.365369            
513.00152  3.5398982            
514.00152  3.8998603            
515.00152  3.7413941            
516.00153  4            
517.00153  4.0981121            
518.00153  4.2533342            
519.00154  4            
520.00154  4.1816933            
521.00154  4.7519375            
522.00155  5            
523.00155  5.1837208            
524.00155  5.5728125            
525.00155  5.4261062            
526.00156  5.6686942            
527.00156  5.6711273            
528.00156  5.7642381            
529.00157  6.187776            
530.00157  6.6784266            
531.00157  6.6808597            
532.00157  6.6832928            
533.00158  6.7730242            
534.00158  7.1911553            
535.00158  7.9683698            
536.00159  8.6930251            
537.00159  8.8886411            
538.00159  9.9513382            
539.0016  11.483892            
540.0016  12.370956            
541.0016  14.39335            
542.0016  15.759642            
543.00161  18.092367            
544.00161  20.763157            
545.00161  24.494683            
546.00162  29.01185            
547.00162  32.554384            
548.00162  37.200617            
549.00163  44.387425            
550.00163  50.892178            
551.00163  59.224205            
552.00163  67.70269            
553.00164  78.185073            
554.00164  90.259822            
555.00164  103.56779            
556.00165  120.56576            
557.00165  140.04075            
558.00165  164.91815            
559.00165  182.87871            
560.00166  203.99712            
561.00166  233.34642            
562.00166  270.6331            
563.00167  301.49049            
564.00167  337.14968            
565.00167  380.01284            
566.00168  435.69708            
567.00168  484.96844            
568.00168  548.30943            
569.00168  615.34777            
570.00169  665.26408            
571.00169  742.73919            
572.00169  807.42032            
573.0017  887.6629            
574.0017  948.61762            
575.0017  992.9091            
576.0017  1003.8652            
577.00171  1017.8096            
578.00171  1022            
579.00171  1022            
580.00172  1022            
581.00172  1022            
582.00172  1022            
583.00173  1022            
584.00173  1022            
585.00173  1022            
586.00173  1022            
587.00174  1022            
588.00174  1022            
589.00174  1022            
590.00175  1022            
591.00175  1022            
592.00175  1022            
593.00176  1022            
594.00176  1022            
595.00176  1022            
596.00176  1022            
597.00177  1022            
598.00177  1022            
599.00177  1022            
600.00178  1022            
601.00178  1022            
602.00178  1022            
603.00178  1022            
604.00179  1022            
605.00179  1022            
606.00179  1022            
607.0018  1022            
608.0018  1022            
609.0018  1022            
610.00181  1022            
611.00181  1022            
612.00181  1020.8811            
613.00181  1016.6234            
614.00182  1011.0424            
615.00182  992.80143            
616.00182  944.70183            
617.00183  893.8895            
618.00183  843.99883            
619.00183  796.72639            
620.00184  742.81581            
621.00184  697.46224            
622.00184  636.35969            
623.00184  573.84262            
624.00185  510.51478            
625.00185  441.40202            
626.00185  387.79391            
627.00186  326.80296            
628.00186  264.50433            
629.00186  213.38447            
630.00186  168.27967            
631.00187  131.70668            
632.00187  102.30071            
633.00187  78.741214            
634.00188  58.088425            
635.00188  44.976075            
636.00188  38.132941            
637.00189  36.756285            
638.00189  44.748243            
639.00189  62.479702            
640.00189  86.377151            
641.0019  119.29925            
642.0019  169.63691            
643.0019  224.79325            
644.00191  281.3311            
645.00191  346.31441            
646.00191  431.26622            
647.00192  535.36909            
648.00192  639.81563            
649.00192  777.6547            
650.00192  924.14966            
651.00193  1013.534            
652.00193  1022            
653.00193  1022            
654.00194  1022            
655.00194  1022            
656.00194  1022            
657.00194  1022            
658.00195  1022            
659.00195  1022            
660.00195  1022            
661.00196  1022            
662.00196  1022            
663.00196  1022            
664.00197  1022            
665.00197  1022            
666.00197  1022            
667.00197  1022            
668.00198  1022            
669.00198  1022            
670.00198  1022            
671.00199  1022            
672.00199  1022            
673.00199  1022            
674.002  1022            
675.002  1022            
676.002  1022            
677.002  1022            
678.00201  1022            
679.00201  1022            
680.00201  1022            
681.00202  1022            
682.00202  1022            
683.00202  1022            
684.00202  1022            
685.00203  1022            
686.00203  1022            
687.00203  1022            
688.00204  1022            
689.00204  1022            
690.00204  1022            
691.00205  1022            
692.00205  1022            
693.00205  1022            
694.00205  1022            
695.00206  1022            
696.00206  1022            
697.00206  1022            
698.00207  1022            
699.00207  1022            
700.00207  1022            
701.00207  1022            
702.00208  1022            
703.00208  1022            
704.00208  1022            
705.00209  1022            
706.00209  1022            
707.00209  1022            
708.0021  1022            
709.0021  1022            
710.0021  1022            
711.0021  1022            
712.00211  1022            
713.00211  1022            
714.00211  1022            
715.00212  1022            
716.00212  1022            
717.00212  1022            
718.00213  1022            
719.00213  1022            
720.00213  1022            
721.00213  1022            
722.00214  1022            
723.00214  1022            
724.00214  1022            
725.00215  1022            
726.00215  1022            
727.00215  1022            
728.00215  1022            
729.00216  1022            
730.00216  1022            
731.00216  1022            
732.00217  1022            
733.00217  1022            
734.00217  1022            
735.00218  1022            
736.00218  1022            
737.00218  1022            
738.00218  1022            
739.00219  1022            
740.00219  1022            
741.00219  1022            
742.0022  1022            
743.0022  1022            
744.0022  1022            
745.00221  1022            
746.00221  1022            
747.00221  1022            
748.00221  1022            
749.00222  1022            
750.00222  1022            
751.00222  1022            
752.00223  1022            
753.00223  1022            
754.00223  1022            
755.00223  1022            
756.00224  1022            
757.00224  1022            
758.00224  1022            
759.00225  1022            
760.00225  1022            
761.00225  1022            
762.00226  1022            
763.00226  1022            
764.00226  1022            
765.00226  1022            
766.00227  1022            
767.00227  1022            
768.00227  1022            
769.00228  1022            
770.00228  1022            
771.00228  1022            
772.00229  1022            
773.00229  1022            
774.00229  1022            
775.00229  1022            
776.0023  1022            
777.0023  1022            
778.0023  1022            
779.00231  1022            
780.00231  1022            
781.00231  1022            
782.00231  1022            
783.00232  1022            
784.00232  1022            
785.00232  1022            
786.00233  1022            
787.00233  1022            
788.00233  1022            
789.00234  1022            
790.00234  1022            
791.00234  1022            
792.00234  1022            
793.00235  1022            
794.00235  1022            
795.00235  1022            
796.00236  1022            
797.00236  1022            
798.00236  1022            
799.00237  1022            
800.00237  1022            
801.00237  1022            
802.00237  1022            
803.00238  1022            
804.00238  1022            
805.00238  1022            
806.00239  1022            
807.00239  1022            
808.00239  1022            
809.00239  1022            
810.0024  1022            
811.0024  1020.7597            
812.0024  984.67568            
813.00241  860.77552            
814.00241  725.87506            
815.00241  607.14515            
816.00242  508.38605            
817.00242  418.03539            
818.00242  341.848            
819.00242  277.08471            
820.00243  215.6748            
821.00243  170.30941            
822.00243  134.21914            
823.00244  112.29932            
824.00244  91.225647            
825.00244  82.27388            
826.00244  78.763292            
827.00245  83.087073            
828.00245  96.21053            
829.00245  117.26122            
830.00246  142.17144            
831.00246  172.52188            
832.00246  204.95264            
833.00247  239.94388            
834.00247  286.39412            
835.00247  334.79853            
836.00247  383.22137            
837.00248  428.94003            
838.00248  489.8963            
839.00248  552.18072            
840.00249  604.99466            
841.00249  664.48876            
842.00249  718.72596            
843.0025  777.62756            
844.0025  840.56166            
845.0025  898.76955            
846.0025  954.18023            
847.00251  993.72152            
848.00251  1015.6693            
849.00251  1022            
850.00252  1022            
851.00252  1022            
852.00252  1022            
853.00252  1022            
854.00253  1022            
855.00253  1022            
856.00253  1022            
857.00254  1022            
858.00254  1022            
859.00254  1022            
860.00255  1022            
861.00255  1022            
862.00255  1022            
863.00255  1022            
864.00256  1022            
865.00256  1022            
866.00256  1022            
867.00257  1022            
868.00257  1022            
869.00257  1022            
870.00258  1022            
871.00258  1022            
872.00258  1022            
873.00258  1022            
874.00259  1022            
875.00259  1022            
876.00259  1022            
877.0026  1022            
878.0026  1022            
879.0026  1022            
880.0026  1022            
881.00261  1022            
882.00261  1022            
883.00261  1022            
884.00262  1020.4658            
885.00262  1009.1066            
886.00262  982.70672            
887.00263  954.50766            
888.00263  920.84953            
889.00263  880.21598            
890.00263  823.06709            
891.00264  773.4257            
892.00264  739.446            
893.00264  698.98376            
894.00265  644.9588            
895.00265  595.63774            
896.00265  551.67906            
897.00266  517.06159            
898.00266  473.37431            
899.00266  434.62528            
900.00266  392.70762            
901.00267  360.49669            
902.00267  331.91541            
903.00267  300.05815            
904.00268  267.54118            
905.00268  241.59802            
906.00268  219.49556            
907.00268  196.18663            
908.00269  173.4237            
909.00269  151.57932            
910.00269  139.64795            
911.0027  126.39608            
912.0027  110.78215            
913.0027  94.381545            
914.00271  84.777778            
915.00271  76.948657            
916.00271  69.223822            
917.00271  60.5            
918.00272  52.611111            
919.00272  48.097279            
920.00272  44.356448            
921.00273  38.868118            
922.00273  32.991056            
923.00273  30.087591            
924.00274  28.984343            
925.00274  26.788749            
926.00274  22.808597            
927.00274  20.008606            
928.00275  18.532869            
929.00275  18.444444            
930.00275  16.444444            
931.00276  14.540529            
932.00276  13.248063            
933.00276  13            
934.00276  12.628165            
935.00277  11.201654            
936.00277  9.8149275            
937.00277  9.5170542            
938.00278  9.8135757            
939.00278  9.0486618            
940.00278  7.9562269            
941.00279  7            
942.00279  7.0886501            
943.00279  7.228733            
944.00279  6.7222222            
945.0028  5.8088447            
946.0028  5.2234613            
947.0028  5            
948.00281  5            
949.00281  4.7222222            
950.00281  4            
951.00281  4            
952.00282  4            
953.00282  4.2777778            
954.00282  4.802762            
955.00283  4.2076462            
956.00283  4            
957.00283  4.2777778            
958.00284  5            
959.00284  4.7222222            
960.00284  4            
961.00284  4.2777778            
962.00285  4.7973551            
963.00285  4.1935884            
964.00285  4            
965.00286  4            
966.00286  3.7946517            
967.00286  3.4643372            
968.00287  4            
969.00287  4            
970.00287  3.7919483            
971.00287  3.4573083            
972.00288  3.9316257            
973.00288  3.823984            
974.00288  4            
975.00289  4            
976.00289  4            
977.00289  4            
978.00289  4            
979.0029  4            
980.0029  4            
981.0029  4            
982.00291  4            
983.00291  4            
984.00291  4            
985.00292  4            
986.00292  4            
987.00292  4            
988.00292  4            
989.00293  4            
990.00293  3.9437911            
991.00293  3.8556141            
992.00294  4.1680634            
993.00294  4.2168829            
994.00294  3.416892            
995.00295  4            
996.00295  4            
997.00295  4            
998.00295  4            
999.00296  3.9498738            
1000.003  3.8714292            
1001.003  4            
1002.003  3.7703208            
1003.003  3.3536541            
1004.003  3.6474272            
1005.003  3.3975624            
1006.003  3.9546048            
1007.003  3.8837298            
1008.003  4            
1009.003  3.7222222            
1010.003  3.2777778            
1011.003  3.7642381            
1012.003  3.3852618            
1013.003  4            
1014.003  4            
1015.003  4            
1016.003  4            
1017.003  4            
1018.003  4            
1019.003  4            
1020.003  4            
1021.003  3.9647427            
1022.003  3.9100883            
1023.003  4            
1024.003  3.7554519            
1025.003  3.3298639            
1026.003  3.6712174            
1027.003  3.3277012            
1028.003  3.8901054            
1029.003  3.9223889            
1030.003  4            
1031.0031  4            
1032.0031  4            
1033.0031  3.7493692            
1034.0031  3.3466027            
1035.0031  3.7222222            
1036.0031  3.2526584            
1037.0031  3.9364468            
1038.0031  3.9762323            
1039.0031  3.6621835            
1040.0031  3.2777778            
1041.0031  3.9782599            
1042.0031  3.9241687            
1043.0031  3.6692124            
1044.0031  3.0197125            
1045.0031  3.068532            
1046.0031  3.3255159            
1047.0031  4            
1048.0031  3.7392313            
1049.0031  3.0424664            
1050.0031  3.0156574            
1051.0031  3.3017482            
1052.0031  3.9484996            
1053.0031  3.9645625            
1054.0031  4            
1055.0031  3.9877219            
1056.0031  3.9698342            
1057.0031  4            
1058.0031  4            
1059.0031  3.7317969            
1060.0031  3.0320357            
1061.0031  3.2991574            
1062.0031  4            
1063.0031  3.9931288            
1064.0031  3.983892            
1065.0032  4            
1066.0032  3.7222222            
1067.0032  3.0041678            
1068.0032  3.012571            
1069.0032  3.2850996            
1070.0032  3.7243624            
1071.0032  3.2801208            
1072.0032  3.9979499            
1073.0032  4            
1074.0032  3.9985356            
1075.0032  3.7234613            
1076.0032  3.2827566            
1077.0032  4            
1078.0032  4            
1079.0032  3.7222222            
1080.0032  3.0046184            
1081.0032  3.2862485            
1082.0032  3.7126701            
1083.0032  3.2950572            
1084.0032  3.729544            
1085.0032  3.0287916            
1086.0032  3.0225511            
1087.0032  3            
1088.0032  3.0100252            
1089.0032  3.3056006            
1090.0032  4            
1091.0032  3.9879472            
1092.0032  3.9669055            
1093.0032  4            
1094.0032  4            
1095.0032  3.7369785            
1096.0032  3.0555556            
1097.0032  3.0579886            
1098.0033  3.0604217            
1099.0033  3.3231729            
1100.0033  3.7403578            
1101.0033  3.067721            
1102.0033  3.0701541            
1103.0033  3.0725872            
1104.0033  3.0750203            
1105.0033  3.0559385            
1106.0033  3.2777778            
1107.0033  3.7222222            
1108.0033  3.0235424            
1109.0033  3.0871857            
1110.0033  3.3425025            
1111.0033  4            
1112.0033  4            
1113.0033  3.7222222            
1114.0033  3.2777778            
1115.0033  3.7504956            
1116.0033  3.1042174            
1117.0033  3.3548031            
1118.0033  3.7222222            
1119.0033  3.2777778            
1120.0033  3.7222222            
1121.0033  3            
1122.0033  3.2777778            
1123.0033  3.9663197            
1124.0033  3.6672524            
1125.0033  3.368861            
1126.0033  4            
1127.0033  3.7586059            
1128.0033  3.1334144            
1129.0033  3.3758899            
1130.0033  4            
1131.0033  3.7222222            
1132.0034  3            
1133.0034  3.2373389            
1134.0034  3.615324            
1135.0034  3.0417906            
1136.0034  3.3457241            
1137.0034  3.88783            
1138.0034  3.7222222            
1139.0034  3.044494            
1140.0034  3.1626115            
1141.0034  3.1191989            
1142.0034  3.0465216            
1143.0034  3.1699108            
1144.0034  3.4022484            
1145.0034  3.9514508            
1146.0034  3.872015            
1147.0034  4            
1148.0034  3.7222222            
1149.0034  3.2777778            
1150.0034  4            
1151.0034  3.9473957            
1152.0034  3.8614716            
1153.0034  3.7222222            
1154.0034  3.2231459            
1155.0034  3.8008921            
1156.0034  3.8544426            
1157.0034  3.7222222            
1158.0034  3.2777778            
1159.0034  3.7802334            
1160.0034  3.4303641            
1161.0034  3.7815851            
1162.0034  3.3738398            
1163.0034  3.6250789            
1164.0034  3.437393            
1165.0034  3.7842885            
1166.0035  3.2258719            
1167.0035  3.3792466            
1168.0035  3.8333559            
1169.0035  3.786992            
1170.0035  3.2356042            
1171.0035  3.1719158            
1172.0035  3.0667973            
1173.0035  3.3857349            
1174.0035  3.5450347            
1175.0035  3            
1176.0035  3.2777778            
1177.0035  4            
1178.0035  4            
1179.0035  3.7937506            
1180.0035  3.1877309            
1181.0035  3.2777778            
1182.0035  3.7222222            
1183.0035  3.203546            
1184.0035  3.60237            
1185.0035  3.1965171            
1186.0035  3.0762593            
1187.0035  3.2769667            
1188.0035  3.4795665            
1189.0035  3.9217131            
1190.0035  3.7946968            
1191.0035  3.9203614            
1192.0035  3.7911823            
1193.0035  3.7222222            
1194.0035  3.2777778            
1195.0035  4            
1196.0035  3.8052402            
1197.0035  3.4953816            
1198.0035  3.9156304            
1199.0035  3.5861494            
1200.0036  3.3085969            
1201.0036  3.31103            
1202.0036  3.3134631            
1203.0036  3.3158962            
1204.0036  3.5076823            
1205.0036  4            
1206.0036  4            
1207.0036  4            
1208.0036  4            
1209.0036  3.7222222            
1210.0036  3.2777778            
1211.0036  3.815378            
1212.0036  3.337794            
1213.0036  3.3402271            
1214.0036  3.3426602            
1215.0036  3.4311526            
1216.0036  3.7490087            
1217.0036  4            
1218.0036  4            
1219.0036  4            
1220.0036  3.7222222            
1221.0036  3.0999144            
1222.0036  3.4387222            
1223.0036  3.7367081            
1224.0036  4            
1225.0036  3.7222222            
1226.0036  3.1032937            
1227.0036  3.444129            
1228.0036  3.6232766            
1229.0036  3.448387            
1230.0036  3.1059971            
1231.0036  3.4484545            
1232.0036  3.5504641            
1233.0036  3.558642            
1234.0037  3.8912995            
1235.0037  3.4378436            
1236.0037  3.1100523            
1237.0037  3.5656709            
1238.0037  4            
1239.0037  3.8879202            
1240.0037  3.7068352            
1241.0037  3.8356538            
1242.0037  3.2966793            
1243.0037  3            
1244.0037  3.1154591            
1245.0037  3.418086            
1246.0037  3.3037082            
1247.0037  3            
1248.0037  3.1181626            
1249.0037  3.4278183            
1250.0037  3.3107371            
1251.0037  3.1575876            
1252.0037  3.5648824            
1253.0037  3.5277552            
1254.0037  3.3177661            
1255.0037  3.1548842            
1256.0037  3.5245111            
1257.0037  3.3230378            
1258.0037  3.1249211            
1259.0037  3.60433            
1260.0037  3.8484951            
1261.0037  3.4570154            
1262.0037  3.3318239            
1263.0037  3.2777778            
1264.0037  3.8710237            
1265.0037  3.3851266            
1266.0037  3.2777778            
1267.0038  4            
1268.0038  3.7222222            
1269.0038  3.2777778            
1270.0038  3.7222222            
1271.0038  3.1337073            
1272.0038  3.627174            
1273.0038  3.8572812            
1274.0038  3.6306885            
1275.0038  4            
1276.0038  3.8593088            
1277.0038  3.6359602            
1278.0038  3.8606605            
1279.0038  3.500811            
1280.0038  3.3634541            
1281.0038  3.1373119            
1282.0038  3.4918897            
1283.0038  3.6312742            
1284.0038  3.8575065            
1285.0038  3.6277598            
1286.0038  3.8660674            
1287.0038  3.5090114            
1288.0038  3.6224881            
1289.0038  3.8541272            
1290.0038  3.4877444            
1291.0038  3.3827836            
1292.0038  3.1298774            
1293.0038  3.4845003            
1294.0038  3.3880553            
1295.0038  3.2777778            
1296.0038  3.8493962            
1297.0038  3.4801748            
1298.0038  3.3950843            
1299.0038  3            
1300.0038  3            
1301.0039  3            
1302.0039  3            
1303.0039  3.2777778            
1304.0039  3.8782329            
1305.0039  3.4073849            
1306.0039  3            
1307.0039  3.2777778            
1308.0039  3.7222222            
1309.0039  3            
1310.0039  3            
1311.0039  3.1607416            
1312.0039  3.6974633            
1313.0039  4            
1314.0039  4            
1315.0039  3.8856673            
1316.0039  3.7044922            
1317.0039  4            
1318.0039  3.8345273            
1319.0039  3.4018654            
1320.0039  3.3994323            
1321.0039  3.3969992            
1322.0039  3.3945661            
1323.0039  3.392133            
1324.0039  3.4509777            
1325.0039  3.4425295            
1326.0039  3.1068983            
1327.0039  3.2761782            
1328.0039  3            
1329.0039  3.1048707            
1330.0039  3.5486843            
1331.0039  3.7222222            
1332.0039  3            
1333.0039  3            
1334.0039  3            
1335.004  3            
1336.004  3.2777778            
1337.004  3.821686            
1338.004  3.2568487            
1339.004  3            
1340.004  3.0974362            
1341.004  3.5293548            
1342.004  3.8183067            
1343.004  3.2480625            
1344.004  3.2777778            
1345.004  4            
1346.004  4            
1347.004  3.9072948            
1348.004  3.7607236            
1349.004  3.7222222            
1350.004  3.1871001            
1351.004  3.5782193            
1352.004  3.4206993            
1353.004  3.5803821            
1354.004  3.4185365            
1355.004  3.5825448            
1356.004  3.311841            
1357.004  3.2234613            
1358.004  3            
1359.004  3.0845949            
1360.004  3.4959674            
1361.004  3.7222222            
1362.004  3            
1363.004  3.0818915            
1364.004  3.2111607            
1365.004  3.0805398            
1366.004  3.2875101            
1367.004  3.205889            
1368.004  3.2777778            
1369.0041  3.9221636            
1370.0041  3.7222222            
