0  1            
0.99979673  1            
1.9995935  1            
2.9993902  1            
3.9991869  1            
4.9989836  1            
5.9987804  1            
6.9985771  1            
7.9983738  1            
8.9981706  1            
9.9979673  1            
10.997764  1            
11.997561  1            
12.997357  1            
13.997154  1            
14.996951  1            
15.996748  1            
16.996544  1            
17.996341  1            
18.996138  1            
19.995935  1            
20.995731  1            
21.995528  1            
22.995325  1            
23.995122  1            
24.994918  1            
25.994715  1            
26.994512  1            
27.994308  1            
28.994105  1            
29.993902  1            
30.993699  1            
31.993495  1            
32.993292  1            
33.993089  1            
34.992886  1            
35.992682  1            
36.992479  1            
37.992276  1            
38.992072  1            
39.991869  1            
40.991666  1            
41.991463  1            
42.991259  1            
43.991056  1            
44.990853  1            
45.99065  1            
46.990446  1            
47.990243  1            
48.99004  1            
49.989836  1            
50.989633  1            
51.98943  1            
52.989227  1            
53.989023  1            
54.98882  1            
55.988617  1            
56.988414  1            
57.98821  1            
58.988007  1            
59.987804  1            
60.987601  1            
61.987397  1            
62.987194  1            
63.986991  1            
64.986787  1            
65.986584  1            
66.986381  1            
67.986178  1            
68.985974  1            
69.985771  1            
70.985568  1            
71.985365  1            
72.985161  1            
73.984958  1            
74.984755  1            
75.984551  1            
76.984348  1            
77.984145  1            
78.983942  1            
79.983738  1            
80.983535  1            
81.983332  1            
82.983129  1            
83.982925  1            
84.982722  1            
85.982519  1            
86.982316  1            
87.982112  1            
88.981909  1            
89.981706  1            
90.981502  1            
91.981299  1            
92.981096  1            
93.980893  1            
94.980689  1            
95.980486  1            
96.980283  1            
97.98008  1            
98.979876  1            
99.979673  1            
100.97947  1            
101.97927  1            
102.97906  1            
103.97886  1            
104.97866  1            
105.97845  1            
106.97825  1            
107.97805  1            
108.97784  1            
109.97764  1            
110.97744  1            
111.97723  1            
112.97703  1            
113.97683  1            
114.97662  1            
115.97642  1            
116.97622  1            
117.97601  1            
118.97581  1            
119.97561  1            
120.9754  1            
121.9752  1            
122.975  1            
123.97479  1            
124.97459  1            
125.97439  1            
126.97418  1            
127.97398  1            
128.97378  1            
129.97357  1            
130.97337  1            
131.97317  1            
132.97297  1            
133.97276  1            
134.97256  1            
135.97236  1            
136.97215  1            
137.97195  1            
138.97175  1            
139.97154  1            
140.97134  1            
141.97114  1            
142.97093  1            
143.97073  1            
144.97053  1            
145.97032  1            
146.97012  1            
147.96992  1            
148.96971  1            
149.96951  1            
150.96931  1            
151.9691  1            
152.9689  1            
153.9687  1            
154.96849  1            
155.96829  1            
156.96809  1            
157.96788  1            
158.96768  1            
159.96748  1            
160.96727  1            
161.96707  1            
162.96687  1            
163.96666  1            
164.96646  1            
165.96626  1            
166.96605  1            
167.96585  1            
168.96565  1            
169.96544  1            
170.96524  1            
171.96504  1            
172.96483  1            
173.96463  1            
174.96443  1            
175.96422  1            
176.96402  1            
177.96382  1            
178.96361  1            
179.96341  1            
180.96321  1            
181.963  1            
182.9628  1            
183.9626  1            
184.9624  1            
185.96219  1            
186.96199  1            
187.96179  1            
188.96158  1            
189.96138  1            
190.96118  1            
191.96097  1            
192.96077  1            
193.96057  1            
194.96036  1            
195.96016  1            
196.95996  1            
197.95975  1            
198.95955  1            
199.95935  1            
200.95914  1            
201.95894  1            
202.95874  1            
203.95853  1            
204.95833  1            
205.95813  1            
206.95792  1            
207.95772  1            
208.95752  1            
209.95731  1            
210.95711  1            
211.95691  1            
212.9567  1            
213.9565  1            
214.9563  1            
215.95609  1            
216.95589  1            
217.95569  1            
218.95548  1            
219.95528  1            
220.95508  1            
221.95487  1            
222.95467  1            
223.95447  1            
224.95426  1            
225.95406  1            
226.95386  1            
227.95365  1            
228.95345  1            
229.95325  1            
230.95304  1            
231.95284  1            
232.95264  1            
233.95243  1            
234.95223  1            
235.95203  1            
236.95182  1            
237.95162  1            
238.95142  1            
239.95122  1            
240.95101  1            
241.95081  1            
242.95061  1            
243.9504  1            
244.9502  1            
245.95  1            
246.94979  1            
247.94959  1            
248.94939  1            
249.94918  1            
250.94898  1            
251.94878  1            
252.94857  1            
253.94837  1            
254.94817  1            
255.94796  1            
256.94776  1            
257.94756  1            
258.94735  1            
259.94715  1            
260.94695  1            
261.94674  1            
262.94654  1            
263.94634  1            
264.94613  1            
265.94593  1            
266.94573  1            
267.94552  1            
268.94532  1            
269.94512  1            
270.94491  1            
271.94471  1            
272.94451  1            
273.9443  1            
274.9441  1            
275.9439  1            
276.94369  1            
277.94349  1            
278.94329  1            
279.94308  1            
280.94288  1            
281.94268  1            
282.94247  1            
283.94227  1            
284.94207  1            
285.94186  1            
286.94166  1            
287.94146  1            
288.94125  1            
289.94105  1            
290.94085  1            
291.94065  1            
292.94044  1            
293.94024  1            
294.94004  1            
295.93983  1            
296.93963  1            
297.93943  1            
298.93922  1            
299.93902  1            
300.93882  1            
301.93861  1            
302.93841  1            
303.93821  1            
304.938  1            
305.9378  1            
306.9376  1            
307.93739  1            
308.93719  1            
309.93699  1            
310.93678  1            
311.93658  1            
312.93638  1            
313.93617  1            
314.93597  1            
315.93577  1            
316.93556  1            
317.93536  1            
318.93516  1            
319.93495  1            
320.93475  1            
321.93455  1            
322.93434  1            
323.93414  1            
324.93394  1            
325.93373  1            
326.93353  1            
327.93333  1            
328.93312  1            
329.93292  1            
330.93272  1            
331.93251  1            
332.93231  1            
333.93211  1            
334.9319  1            
335.9317  1            
336.9315  1            
337.93129  1            
338.93109  1            
339.93089  1            
340.93068  1            
341.93048  1            
342.93028  1            
343.93008  1            
344.92987  1            
345.92967  1            
346.92947  1            
347.92926  1            
348.92906  1            
349.92886  1            
350.92865  1            
351.92845  1            
352.92825  1            
353.92804  1            
354.92784  1            
355.92764  1            
356.92743  1            
357.92723  1            
358.92703  1            
359.92682  1            
360.92662  1            
361.92642  1            
362.92621  1            
363.92601  1            
364.92581  1            
365.9256  1            
366.9254  1            
367.9252  1            
368.92499  1            
369.92479  1            
370.92459  1            
371.92438  1            
372.92418  1            
373.92398  1            
374.92377  1            
375.92357  1            
376.92337  1            
377.92316  1            
378.92296  1            
379.92276  1            
380.92255  1            
381.92235  1            
382.92215  1            
383.92194  1            
384.92174  1            
385.92154  1            
386.92133  1            
387.92113  1            
388.92093  1            
389.92072  1            
390.92052  1            
391.92032  1            
392.92011  1            
393.91991  1            
394.91971  1            
395.91951  1            
396.9193  1            
397.9191  1            
398.9189  1            
399.91869  1            
400.91849  1            
401.91829  1            
402.91808  1            
403.91788  1            
404.91768  1            
405.91747  1            
406.91727  1            
407.91707  1            
408.91686  1            
409.91666  1            
410.91646  1            
411.91625  1            
412.91605  1            
413.91585  1            
414.91564  1            
415.91544  1            
416.91524  1            
417.91503  1            
418.91483  1            
419.91463  1            
420.91442  1            
421.91422  1            
422.91402  1            
423.91381  1            
424.91361  1            
425.91341  1            
426.9132  1            
427.913  1            
428.9128  1            
429.91259  1            
430.91239  1            
431.91219  1            
432.91198  1            
433.91178  1            
434.91158  1            
435.91137  1            
436.91117  1            
437.91097  1            
438.91076  1            
439.91056  1            
440.91036  1            
441.91015  1            
442.90995  1            
443.90975  1            
444.90954  1            
445.90934  1            
446.90914  1            
447.90893  1            
448.90873  1            
449.90853  1            
450.90833  1            
451.90812  1            
452.90792  1            
453.90772  1            
454.90751  1            
455.90731  1            
456.90711  1            
457.9069  1            
458.9067  1            
459.9065  1            
460.90629  1            
461.90609  1            
462.90589  1            
463.90568  1            
464.90548  1            
465.90528  1            
466.90507  1            
467.90487  1            
468.90467  1            
469.90446  1            
470.90426  1            
471.90406  1            
472.90385  1            
473.90365  1            
474.90345  1            
475.90324  1            
476.90304  1            
477.90284  1            
478.90263  1            
479.90243  1            
480.90223  1            
481.90202  1            
482.90182  1            
483.90162  1            
484.90141  1            
485.90121  1            
486.90101  1            
487.9008  1            
488.9006  1            
489.9004  1            
490.90019  1            
491.89999  1            
492.89979  1            
493.89958  1            
494.89938  1            
495.89918  1            
496.89897  1            
497.89877  1            
498.89857  1            
499.89836  1            
500.89816  1            
501.89796  1            
502.89776  1            
503.89755  1            
504.89735  1            
505.89715  1            
506.89694  1            
507.89674  1            
508.89654  1            
509.89633  1            
510.89613  1            
511.89593  1            
512.89572  1            
513.89552  1            
514.89532  1            
515.89511  1            
516.89491  1            
517.89471  1            
518.8945  1            
519.8943  1            
520.8941  1            
521.89389  1            
522.89369  1            
523.89349  1            
524.89328  1            
525.89308  1            
526.89288  1            
527.89267  1            
528.89247  1            
529.89227  1            
530.89206  1            
531.89186  1            
532.89166  1            
533.89145  1            
534.89125  1            
535.89105  1            
536.89084  1            
537.89064  1            
538.89044  1            
539.89023  1            
540.89003  1            
541.88983  1            
542.88962  1            
543.88942  1            
544.88922  1            
545.88901  1            
546.88881  1            
547.88861  1            
548.8884  1            
549.8882  1            
550.888  1            
551.88779  1            
552.88759  1            
553.88739  1            
554.88719  1            
555.88698  1            
556.88678  1            
557.88658  1            
558.88637  1            
559.88617  1            
560.88597  1            
561.88576  1            
562.88556  1            
563.88536  1            
564.88515  1            
565.88495  1            
566.88475  1            
567.88454  1            
568.88434  1            
569.88414  1.0271877            
570.88393  1.5243335            
571.88373  2            
572.88353  2            
573.88332  2            
574.88312  2            
575.88292  2            
576.88271  2.0286642            
577.88251  2.5801094            
578.88231  3            
579.8821  3.0294818            
580.8819  3.5507137            
581.8817  3.0300087            
582.88149  3.5960334            
583.88129  3.6238453            
584.88109  4            
585.88088  4.0500794            
586.88068  4.9814164            
587.88048  4.6349651            
588.88027  4.6427515            
589.88007  4.6677122            
590.87987  5            
591.87966  5            
592.87946  4.9842022            
593.87926  4.6816832            
594.87905  4.6894695            
595.87885  4.6639664            
596.87865  4.0334965            
597.87844  4.6655522            
598.87824  3.6867152            
599.87804  2.9872867            
600.87783  2.7361876            
601.87763  2.7094967            
602.87743  1.9538916            
603.87722  1            
604.87702  1            
605.87682  1            
606.87662  1            
607.87641  1            
608.87621  1            
609.87601  1.0444732            
610.8758  2.0360133            
611.8756  2.8658434            
612.8754  3.8733962            
613.87519  4.8809489            
614.87499  5.8885017            
615.87479  6.9327938            
616.87458  8.7703406            
617.87438  9.9055598            
618.87418  10.800294            
619.87397  11.926265            
620.87377  12.887385            
621.87357  12.845251            
622.87336  13.941257            
623.87316  14.749311            
624.87296  14.965876            
625.87275  17.757437            
626.87255  17.017151            
627.87235  18.971217            
628.87214  20.942686            
629.87194  22.927289            
630.87174  24.095435            
631.87153  28.026495            
632.87133  30.913249            
633.87113  31.050549            
634.87092  33.196753            
635.87072  38.009713            
636.87052  38.10352            
637.87031  39.186645            
638.87011  42.096206            
639.86991  42.155537            
640.8697  43.166199            
641.8695  44.967103            
642.8693  44.197633            
643.86909  46.180594            
644.86889  49.148522            
645.86869  51.039186            
646.86848  52.104502            
647.86828  52.468868            
648.86808  54.149183            
649.86787  55.274702            
650.86767  56.345998            
651.86747  55.593249            
652.86726  57.291869            
653.86706  57.653665            
654.86686  59.222055            
655.86665  56.703017            
656.86645  58.045032            
657.86625  59.326757            
658.86605  58.408618            
659.86584  59.417543            
660.86564  60.125553            
661.86544  57.79864            
662.86523  56.412815            
663.86503  55.648322            
664.86483  54.625456            
665.86462  52.297478            
666.86442  53.984426            
667.86422  53.48482            
668.86401  52.523164            
669.86381  52.137813            
670.86361  47.783246            
671.8634  45.807073            
672.8632  43.801142            
673.863  40.845732            
674.86279  38.624754            
675.86259  38.572911            
676.86239  36.260852            
677.86218  33.990402            
678.86198  33.581152            
679.86178  30.943756            
680.86157  28.92635            
681.86137  26.266408            
682.86117  22.656798            
683.86096  19.344868            
684.86076  17.940175            
685.86056  15.748062            
686.86035  13.973513            
687.86015  12.973747            
688.85995  11.947961            
689.85974  9.948428            
690.85954  7.9488952            
691.85934  5.9493623            
692.85913  3.9749148            
693.85893  2.9751483            
694.85873  1.9884762            
695.85852  1.5113297            
696.85832  1            
697.85812  1.0117545            
698.85791  1.5111088            
699.85771  2.0234501            
700.85751  3.0232165            
701.8573  4.0229829            
702.8571  5.0454987            
703.8569  7.0225158            
704.85669  8.0567297            
705.85649  10.60769            
706.85629  13.09951            
707.85608  17.664946            
708.85588  22.094419            
709.85568  26.545371            
710.85547  32.680078            
711.85527  36.892252            
712.85507  41.29817            
713.85487  45.373348            
714.85466  52.414735            
715.85446  60.833933            
716.85426  71.08266            
717.85405  79.567927            
718.85385  90.680559            
719.85365  95.813722            
720.85344  104.5323            
721.85324  114.29991            
722.85304  125.06623            
723.85283  139.68461            
724.85263  156.31914            
725.85243  167.62578            
726.85222  181.52013            
727.85202  193.02786            
728.85182  206.54964            
729.85161  220.04319            
730.85141  243.02917            
731.85121  261.63832            
732.851  280.14847            
733.8508  294.01837            
734.8506  307.96518            
735.85039  325.97992            
736.85019  345.80729            
737.84999  365.59614            
738.84978  389.04468            
739.84958  411.18625            
740.84938  430.7653            
741.84917  454.21302            
742.84897  468.88152            
743.84877  492.0307            
744.84856  506.75684            
745.84836  542.93713            
746.84816  573.52316            
747.84795  601.38814            
748.84775  599.04853            
749.84755  622.64487            
750.84734  651.71028            
751.84714  674.39042            
752.84694  708.59403            
753.84673  741.04181            
754.84653  736.20755            
755.84633  747.94356            
756.84612  783.66103            
757.84592  826.21062            
758.84572  859.39883            
759.84551  867.85111            
760.84531  883.06749            
761.84511  889.87438            
762.8449  923.95965            
763.8447  935.67918            
764.8445  947.41132            
765.8443  975.932            
766.84409  1008.9977            
767.84389  1016.9103            
768.84369  1020.2283            
769.84348  1019.9194            
770.84328  1020.0269            
771.84308  1020.1855            
772.84287  1022            
773.84267  1022            
774.84247  1022            
775.84226  1022            
776.84206  1022            
777.84186  1022            
778.84165  1022            
779.84145  1022            
780.84125  1022            
781.84104  1022            
782.84084  1022            
783.84064  1022            
784.84043  1022            
785.84023  1022            
786.84003  1022            
787.83982  1022            
788.83962  1022            
789.83942  1022            
790.83921  1022            
791.83901  1022            
792.83881  1022            
793.8386  1022            
794.8384  1022            
795.8382  1022            
796.83799  1022            
797.83779  1022            
798.83759  1022            
799.83738  1022            
800.83718  1022            
801.83698  1022            
802.83677  1022            
803.83657  1022            
804.83637  1022            
805.83616  1022            
806.83596  1022            
807.83576  1022            
808.83555  1022            
809.83535  1022            
810.83515  1020.5184            
811.83494  1020.8617            
812.83474  1017.3675            
813.83454  1010.5757            
814.83433  1006.3176            
815.83413  1000.6864            
816.83393  991.1009            
817.83373  976.25113            
818.83352  949.23149            
819.83332  931.12048            
820.83312  900.05141            
821.83291  893.24209            
822.83271  855.03281            
823.83251  847.10571            
824.8323  824.15284            
825.8321  790.88633            
826.8319  777.81136            
827.83169  757.44079            
828.83149  741.90111            
829.83129  713.1944            
830.83108  699.74024            
831.83088  668.09468            
832.83068  652.52657            
833.83047  632.48721            
834.83027  607.9609            
835.83007  576.3195            
836.82986  547.57136            
837.82966  546.32544            
838.82946  515.75523            
839.82925  497.10354            
840.82905  469.09131            
841.82885  455.29845            
842.82864  426.05507            
843.82844  416.47544            
844.82824  392.79978            
845.82803  373.17866            
846.82783  347.63741            
847.82763  333.98184            
848.82742  313.87832            
849.82722  294.34898            
850.82702  276.91366            
851.82681  261.37424            
852.82661  245.62152            
853.82641  229.08288            
854.8262  215.88492            
855.826  200.21206            
856.8258  185.17254            
857.82559  172.63347            
858.82539  159.009            
859.82519  147.87165            
860.82498  133.78926            
861.82478  121.94723            
862.82458  110.62585            
863.82437  102.28212            
864.82417  91.043119            
865.82397  82.729131            
866.82376  73.681197            
867.82356  66.589423            
868.82336  59.354532            
869.82316  52.949498            
870.82295  45.098286            
871.82275  40.686906            
872.82255  34.685475            
873.82234  30.621342            
874.82214  26.463048            
875.82194  21.456013            
876.82173  17.303199            
877.82153  14.373434            
878.82133  11.255328            
879.82112  10.111719            
880.82092  7.2221872            
881.82072  6.0963594            
882.82051  4.1734079            
883.82031  3.0809852            
884.82011  3.0010374            
885.8199  2.0638084            
886.8197  2.0369184            
887.8195  2.029132            
888.81929  2.0422496            
889.81909  2.9929111            
890.81889  3.9789566            
891.81868  4.9765874            
892.81848  5.9685675            
893.81828  6.9605476            
894.81807  8.905616            
895.81787  10.856597            
896.81767  11.854598            
897.81746  13.808204            
898.81726  14.862628            
899.81706  17.73878            
900.81685  19.666329            
901.81665  21.555042            
902.81645  23.513747            
903.81624  24.49855            
904.81604  26.434949            
905.81584  29.262598            
906.81563  30.262246            
907.81543  34.016472            
908.81523  33.346646            
909.81502  35.935296            
910.81482  37.752569            
911.81462  40.506238            
912.81441  41.483957            
913.81421  41.608898            
914.81401  41.551206            
915.8138  43.434905            
916.8136  46.153593            
917.8134  47.132403            
918.81319  46.883435            
919.81299  48.199518            
920.81279  47.956063            
921.81258  48.851161            
922.81238  50.042952            
923.81218  48.775404            
924.81198  50.611121            
925.81177  50.340337            
926.81157  49.550638            
927.81137  48.76282            
928.81116  51.026225            
929.81096  50.732181            
930.81076  48.321749            
931.81055  47.51337            
932.81035  48.434114            
933.81015  47.080524            
934.80994  46.64233            
935.80974  45.284622            
936.80954  43.871567            
937.80933  44.72619            
938.80913  43.10907            
939.80893  41.663046            
940.80872  39.98474            
941.80852  38.313899            
942.80832  38.206182            
943.80811  35.252316            
944.80791  33.730272            
945.80771  32.2461            
946.8075  31.577414            
947.8073  30.953037            
948.8071  28.413656            
949.80689  26.785936            
950.80669  27.212606            
951.80649  25.255666            
952.80628  22.70504            
953.80608  21.115303            
954.80588  19.59114            
955.80567  19.016805            
956.80547  16.566782            
957.80527  15.955346            
958.80506  14.942257            
959.80486  13.971966            
960.80466  13.402419            
961.80445  11.960735            
962.80425  9.9662809            
963.80405  9.3336124            
964.80384  8.8756853            
965.80364  7.4767994            
966.80344  5.8897462            
967.80323  5.8124492            
968.80303  4.4535167            
969.80283  3.4302712            
970.80262  3.3828656            
971.80242  3.0150356            
972.80222  3            
973.80201  2.3854809            
974.80181  2.0143457            
975.80161  2            
976.80141  1.3635344            
977.8012  1.013623            
978.801  1            
979.8008  1            
980.80059  1            
981.80039  1            
982.80019  1            
983.79998  1            
984.79978  1.2620472            
985.79958  1.2660704            
986.79937  1.2582841            
987.79917  1.9671539            
988.79897  2.2320182            
989.79876  3.190634            
990.79856  4.1826141            
991.79836  4.2193524            
992.79815  5.1665742            
993.79795  6.1585543            
994.79775  7.1505343            
995.79754  7.3678144            
996.79734  8.1427805            
997.79714  8.3372999            
998.79693  9.2833026            
999.79673  10.117758            
1000.7965  10.291555            
1001.7963  11.235884            
1002.7961  10.314733            
1003.7959  11.204271            
1004.7957  10.284055            
1005.7955  11.277703            
1006.7953  10.355934            
1007.7951  10.284313            
1008.7949  10.178208            
1009.7947  9.3580002            
1010.7945  10.100654            
1011.7943  9.1766811            
1012.7941  8.161342            
1013.7939  8.0961057            
1014.7937  8.080533            
1015.7935  7.0844804            
1016.7933  6.0987362            
1017.7931  6.049863            
1018.7929  6.0100527            
1019.7927  5.0538999            
1020.7925  4.9874294            
1021.7923  4.9715242            
1022.7921  4.0288301            
1023.7919  3.9419359            
1024.7916  3.9604305            
1025.7914  3.0503086            
1026.7912  2.9496449            
1027.791  2.9390441            
1028.7908  2.9312577            
1029.7906  2.9234714            
1030.7904  2.0493264            
1031.7902  2            
1032.79  1.9055398            
1033.7898  1.892326            
1034.7896  1.8845397            
1035.7894  1.8767533            
1036.7892  1.868967            
1037.789  1.8611806            
1038.7888  1.8533943            
1039.7886  1.0473292            
1040.7884  1            
1041.7882  1            
1042.788  1            
1043.7878  1            
1044.7876  1            
1045.7874  1            
1046.7872  1.7455315            
1047.787  1.0453065            
1048.7868  1            
1049.7866  1            
1050.7864  1            
1051.7862  1            
1052.786  1            
1053.7858  1            
1054.7856  1            
1055.7853  1            
1056.7851  1            
1057.7849  1            
1058.7847  1            
1059.7845  1            
1060.7843  1            
1061.7841  1            
1062.7839  1            
1063.7837  1            
1064.7835  1            
1065.7833  1            
1066.7831  1            
1067.7829  1            
1068.7827  1            
1069.7825  1            
1070.7823  1            
1071.7821  1            
1072.7819  1            
1073.7817  1            
1074.7815  1            
1075.7813  1            
1076.7811  1            
1077.7809  1            
1078.7807  1            
1079.7805  1            
1080.7803  1            
1081.7801  1            
1082.7799  1            
1083.7797  1            
1084.7795  1            
1085.7792  1            
1086.779  1            
1087.7788  1            
1088.7786  1            
1089.7784  1            
1090.7782  1            
1091.778  1            
1092.7778  1            
1093.7776  1            
1094.7774  1            
1095.7772  1            
1096.777  1            
1097.7768  1            
1098.7766  1            
1099.7764  1            
1100.7762  1            
1101.776  1            
1102.7758  1            
1103.7756  1            
1104.7754  1            
1105.7752  1            
1106.775  1            
1107.7748  1            
1108.7746  1            
1109.7744  1            
1110.7742  1            
1111.774  1            
1112.7738  1            
1113.7736  1            
1114.7734  1            
1115.7732  1            
1116.7729  1            
1117.7727  1            
1118.7725  1            
1119.7723  1            
1120.7721  1            
1121.7719  1            
1122.7717  1            
1123.7715  1            
1124.7713  1            
1125.7711  1            
1126.7709  1            
1127.7707  1            
1128.7705  1            
1129.7703  1            
1130.7701  1            
1131.7699  1            
1132.7697  1            
1133.7695  1            
1134.7693  1            
1135.7691  1            
1136.7689  1            
1137.7687  1            
1138.7685  1            
1139.7683  1            
1140.7681  1            
1141.7679  1            
1142.7677  1            
1143.7675  1            
1144.7673  1            
1145.7671  1            
1146.7668  1            
1147.7666  1            
1148.7664  1            
1149.7662  1            
1150.766  1            
1151.7658  1            
1152.7656  1            
1153.7654  1            
1154.7652  1            
1155.765  1            
1156.7648  1            
1157.7646  1            
1158.7644  1            
1159.7642  1            
1160.764  1            
1161.7638  1            
1162.7636  1            
1163.7634  1            
1164.7632  1            
1165.763  1            
1166.7628  1            
1167.7626  1            
1168.7624  1            
1169.7622  1            
1170.762  1            
1171.7618  1            
1172.7616  1            
1173.7614  1            
1174.7612  1            
1175.761  1            
1176.7608  1            
1177.7605  1            
1178.7603  1            
1179.7601  1            
1180.7599  1            
1181.7597  1            
1182.7595  1            
1183.7593  1            
1184.7591  1            
1185.7589  1            
1186.7587  1            
1187.7585  1            
1188.7583  1            
1189.7581  1            
1190.7579  1            
1191.7577  1            
1192.7575  1            
1193.7573  1            
1194.7571  1            
1195.7569  1            
1196.7567  1            
1197.7565  1            
1198.7563  1            
1199.7561  1            
1200.7559  1            
1201.7557  1            
1202.7555  1            
1203.7553  1            
1204.7551  1            
1205.7549  1            
1206.7547  1            
1207.7544  1            
1208.7542  1            
1209.754  1            
1210.7538  1            
1211.7536  1            
1212.7534  1            
1213.7532  1            
1214.753  1            
1215.7528  1            
1216.7526  1            
1217.7524  1            
1218.7522  1            
1219.752  1            
1220.7518  1            
1221.7516  1            
1222.7514  1            
1223.7512  1            
1224.751  1            
1225.7508  1            
1226.7506  1            
1227.7504  1            
1228.7502  1            
1229.75  1            
1230.7498  1            
1231.7496  1            
1232.7494  1            
1233.7492  1            
1234.749  1            
1235.7488  1            
1236.7486  1            
1237.7484  1            
1238.7481  1            
1239.7479  1            
1240.7477  1            
1241.7475  1            
1242.7473  1            
1243.7471  1            
1244.7469  1            
1245.7467  1            
1246.7465  1            
1247.7463  1            
1248.7461  1            
1249.7459  1            
1250.7457  1            
1251.7455  1            
1252.7453  1            
1253.7451  1            
1254.7449  1            
1255.7447  1            
1256.7445  1            
1257.7443  1            
1258.7441  1            
1259.7439  1            
1260.7437  1            
1261.7435  1            
1262.7433  1            
1263.7431  1            
1264.7429  1            
1265.7427  1            
1266.7425  1            
1267.7423  1            
1268.7421  1            
1269.7418  1            
1270.7416  1            
1271.7414  1            
1272.7412  1            
1273.741  1            
1274.7408  1            
1275.7406  1            
1276.7404  1            
1277.7402  1            
1278.74  1            
1279.7398  1            
1280.7396  1            
1281.7394  1            
1282.7392  1            
1283.739  1            
1284.7388  1            
1285.7386  1            
1286.7384  1            
1287.7382  1            
1288.738  1            
1289.7378  1            
1290.7376  1            
1291.7374  1            
1292.7372  1            
1293.737  1            
1294.7368  1            
1295.7366  1            
1296.7364  1            
1297.7362  1            
1298.736  1            
1299.7357  1            
1300.7355  1            
1301.7353  1            
1302.7351  1            
1303.7349  1            
1304.7347  1            
1305.7345  1            
1306.7343  1            
1307.7341  1            
1308.7339  1            
1309.7337  1            
1310.7335  1            
1311.7333  1            
1312.7331  1            
1313.7329  1            
1314.7327  1            
1315.7325  1            
1316.7323  1            
1317.7321  1            
1318.7319  1            
1319.7317  1            
1320.7315  1            
1321.7313  1            
1322.7311  1            
1323.7309  1            
1324.7307  1            
1325.7305  1            
1326.7303  1            
1327.7301  1            
1328.7299  1            
1329.7297  1            
1330.7294  1            
1331.7292  1            
1332.729  1            
1333.7288  1            
1334.7286  1            
1335.7284  1            
1336.7282  1            
1337.728  1            
1338.7278  1            
1339.7276  1            
1340.7274  1            
1341.7272  1            
1342.727  1            
1343.7268  1            
1344.7266  1            
1345.7264  1            
1346.7262  1            
1347.726  1            
1348.7258  1            
1349.7256  1            
1350.7254  1            
1351.7252  1            
1352.725  1            
1353.7248  1            
1354.7246  1            
1355.7244  1            
1356.7242  1            
1357.724  1            
1358.7238  1            
1359.7236  1            
1360.7233  1            
1361.7231  1            
1362.7229  1            
1363.7227  1            
1364.7225  1            
1365.7223  1            
1366.7221  1            
1367.7219  1            
1368.7217  1            
1369.7215  1            
1370.7213  1            
1371.7211  1            
1372.7209  1            
1373.7207  1            
1374.7205  1            
1375.7203  1            
1376.7201  1            
1377.7199  1            
1378.7197  1            
1379.7195  1            
1380.7193  1            
1381.7191  1            
1382.7189  1            
1383.7187  1            
1384.7185  1            
1385.7183  1            
1386.7181  1            
1387.7179  1            
1388.7177  1            
1389.7175  1            
1390.7173  1            
1391.717  1            
1392.7168  1            
1393.7166  1            
1394.7164  1            
1395.7162  1            
1396.716  1            
1397.7158  1            
1398.7156  1            
1399.7154  1            
1400.7152  1            
1401.715  1            
1402.7148  1            
1403.7146  1            
1404.7144  1            
1405.7142  1            
1406.714  1            
1407.7138  1            
1408.7136  1            
1409.7134  1            
1410.7132  1            
1411.713  1            
1412.7128  1            
1413.7126  1            
1414.7124  1            
1415.7122  1            
1416.712  1            
1417.7118  1            
1418.7116  1            
1419.7114  1            
1420.7112  1            
1421.7109  1            
1422.7107  1            
1423.7105  1            
1424.7103  1            
1425.7101  1            
1426.7099  1            
