0  5.5            
0.99992497  5.5010371            
1.9998499  5.635441            
2.9997749  6            
3.9996999  5.8586777            
4.9996248  5.4948073            
5.9995498  5.371459            
6.9994748  5.1431435            
7.9993997  5.5186611            
8.9993247  5.5209937            
9.9992497  5.5104035            
10.999175  5.4885521            
11.9991  5.5124929            
12.999025  5.4864613            
13.99895  5.5145853            
14.998874  5.3363833            
15.998799  5.2765337            
16.998724  5.8727348            
17.998649  5.5419874            
18.998574  5.54432            
19.998499  5.5208796            
20.998424  5.4510147            
21.998349  5.4770165            
22.998274  5.5536506            
23.998199  5.6784926            
24.998124  5.8781685            
25.998049  5.4060462            
26.997974  5.2756784            
27.997899  5.8802002            
28.997824  5.5676464            
29.997749  5.6884262            
30.997674  5.8822286            
31.997599  5.5335467            
32.997524  5.465393            
33.997449  5.4199217            
34.997374  5.2750564            
35.997299  5.7250214            
36.997224  5            
37.997149  5.1130512            
38.997074  5.5713943            
39.996999  5.8882942            
40.996924  5.5431155            
41.996849  5.4020294            
42.996774  5.4547501            
43.996699  5.7116553            
44.996623  5.8916512            
45.996548  5.7149796            
46.996473  5.7258767            
47.996398  5.1063389            
48.996323  5.385701            
49.996248  5.5522576            
50.996173  6            
51.996098  5.8299296            
52.996023  5.4440346            
53.995948  5.4547121            
54.995873  5.1718394            
55.995798  5.4581991            
56.995723  5.173017            
57.995648  5.4616876            
58.995573  5.0989972            
59.995498  5.5348225            
60.995423  5.7269652            
61.995348  5.1759544            
62.995273  5.5667535            
63.995198  5.5278383            
64.995123  5.9049888            
65.995048  5.7483019            
66.994973  5.9063146            
67.994898  5.4791517            
68.994823  5.0923611            
69.994748  5.5173512            
70.994673  5.818781            
71.994598  5.3320504            
72.994523  5.240001            
73.994448  5.0890566            
74.994372  5.3250525            
75.994297  5.5068509            
76.994222  5.7282093            
77.994147  5            
78.994072  5.185874            
79.993997  5.5852597            
80.993922  5.4980908            
81.993847  5.7285981            
82.993772  5.1881928            
83.993697  5.7784161            
84.993622  5.9181813            
85.993547  5.7006065            
86.993472  5.5929408            
87.993397  5.405959            
88.993322  5.5159443            
89.993247  5            
90.993172  5.2707021            
91.993097  5.9227644            
92.993022  5.7935172            
93.992947  5.8054605            
94.992872  5.4735141            
95.992797  5.9253754            
96.992722  5.8002383            
97.992647  5.9266786            
98.992572  5.6061911            
99.992497  5.3926999            
100.99242  5.5370406            
101.99235  5.1991277            
102.99227  5.6106311            
103.9922  5.1879859            
104.99212  5.0687713            
105.99205  5.2527408            
106.99197  5.4523918            
107.9919  6            
108.99182  6            
109.99175  5.9344679            
110.99167  5.619546            
111.9916  5.238745            
112.99152  5.2364124            
113.99145  5.4400463            
114.99137  6            
115.9913  6            
116.99122  5.792332            
117.99115  5.3726155            
118.99107  5.6285072            
119.991  5.220084            
120.99092  5.1593135            
121.99085  5.2682917            
122.99077  5.9428473            
123.9907  5.6341316            
124.99062  5.3647414            
125.99055  5.7939118            
126.99047  5.6375149            
127.9904  5.2014229            
128.99032  5.1990903            
129.99025  5.3590952            
130.99017  5.6420362            
131.9901  5.1920924            
132.99002  5.1897597            
133.98995  5.3545653            
134.98987  5.8643778            
135.9898  5.7327968            
136.98972  5            
137.98965  5            
138.98957  5.2669699            
139.9895  5.7793953            
140.98942  5.1254471            
141.98935  5            
142.98927  5.0443809            
143.9892  5.3869357            
144.98912  6            
145.98905  5.7335744            
146.98897  5.041844            
147.9889  5.338619            
148.98882  5.8475624            
149.98874  5.849895            
150.98867  5.8522277            
151.98859  5.6659632            
152.98852  5.3328894            
153.98844  5.8966439            
154.98837  5.9632124            
155.98829  5.670557            
156.98822  5.3282927            
157.98814  5.9034535            
158.98807  5.7688532            
159.98799  5.0931396            
160.98792  5.2652593            
161.98784  5.7348184            
162.98777  5.2333495            
163.98769  5.6486527            
164.98762  5            
165.98754  5            
166.98747  5            
167.98739  5.2360947            
168.98732  5.6575724            
169.98724  5.2371902            
170.98717  5.8988803            
171.98709  5.9273327            
172.98702  5.7611692            
173.98694  5.0692502            
174.98687  5.2641707            
175.98679  5.9763752            
176.98672  5.694865            
177.98664  5.0847912            
178.98657  5.0824586            
179.98649  5.3227722            
180.98642  5.9794856            
181.98634  5.6808063            
182.98627  5.2635487            
183.98619  6            
184.98612  6            
185.98604  6            
186.98597  6            
187.98589  6.2469848            
188.98582  6.6933422            
189.98574  6.2630044            
190.98567  6.9856792            
191.98559  6.9478656            
192.98552  6.9501983            
193.98544  6.9525309            
194.98537  6.9667171            
195.98529  7.2513003            
196.98522  7.9595288            
197.98514  7.9718683            
198.98507  7.9906079            
199.98499  7.9753043            
200.98492  8.2539856            
201.98484  8.971192            
202.98477  9.2355182            
203.98469  10.23145            
204.98462  10.95638            
205.98454  11.227904            
206.98447  11.982855            
207.98439  12.246793            
208.98432  13.245784            
209.98424  13.982359            
210.98417  14.512886            
211.98409  15.990469            
212.98402  16.517638            
213.98394  18.258476            
214.98387  19.001912            
215.98379  19.270689            
216.98372  20.285631            
217.98364  21.036277            
218.98357  21.570076            
219.98349  23.042974            
220.98342  23.322642            
221.98334  24.071379            
222.98327  24.346403            
223.98319  25.106689            
224.98312  25.105836            
225.98304  25.135876            
226.98297  25.147539            
227.98289  25.167482            
228.98282  24.685094            
229.98274  23.209547            
230.98267  22.924284            
231.98259  21.915639            
232.98252  20.946561            
233.98244  20.159548            
234.98237  19.602327            
235.98229  18.175803            
236.98222  17.860021            
237.98214  17.410469            
238.98207  18.374193            
239.98199  19.622394            
240.98192  21.580243            
241.98184  23.599122            
242.98177  26.410776            
243.98169  31.363191            
244.98162  36.420628            
245.98154  42.326322            
246.98147  49.24569            
247.98139  54.977412            
248.98132  64.471464            
249.98124  71.771937            
250.98117  77.255576            
251.98109  83.552349            
252.98102  89.686787            
253.98094  94.28808            
254.98087  99.556883            
255.98079  102.5979            
256.98072  104.92856            
257.98064  105.55844            
258.98057  105.70108            
259.98049  107.25026            
260.98042  109.29843            
261.98034  110.53794            
262.98027  114.45726            
263.98019  116.74954            
264.98012  123.4439            
265.98004  127.78566            
266.97997  132.51322            
267.97989  138.11434            
268.97982  144.16935            
269.97974  147.19896            
270.97967  150.14016            
271.97959  149.3269            
272.97952  151.56262            
273.97944  154.1809            
274.97937  153.07604            
275.97929  151.82188            
276.97922  155.05358            
277.97914  152.56226            
278.97907  151.83817            
279.97899  151.06828            
280.97892  150.26918            
281.97884  149.51827            
282.97877  150.24012            
283.97869  149.11449            
284.97862  145.64237            
285.97854  143.3606            
286.97847  140.20712            
287.97839  136.88133            
288.97832  133.74502            
289.97824  132.62709            
290.97817  130.96462            
291.97809  127.36408            
292.97802  123.29744            
293.97794  117.28298            
294.97787  110.39646            
295.97779  104.58226            
296.97772  99.010616            
297.97764  93.056556            
298.97756  89.976897            
299.97749  87.730518            
300.97741  84.403409            
301.97734  81.887438            
302.97726  75.372935            
303.97719  70.655511            
304.97711  63.105851            
305.97704  57.624109            
306.97696  50.332579            
307.97689  45.913936            
308.97681  42.682094            
309.97674  40.74181            
310.97666  38.308405            
311.97659  36.13343            
312.97651  31.790054            
313.97644  27.510336            
314.97636  23.631732            
315.97629  19.388303            
316.97621  15.701652            
317.97614  14.049908            
318.97606  13.679441            
319.97599  14.055871            
320.97591  13.307627            
321.97584  12.437118            
322.97576  11.442846            
323.97569  11.067793            
324.97561  10.956053            
325.97554  12.896783            
326.97546  15.479059            
327.97539  18.101635            
328.97531  20.306702            
329.97524  22.565664            
330.97516  24.953467            
331.97509  25.737804            
332.97501  28.775672            
333.97494  35.887518            
334.97486  41.354677            
335.97479  48.187575            
336.97471  55.360315            
337.97464  57.097537            
338.97456  60.504418            
339.97449  62.559715            
340.97441  69.106677            
341.97434  76.446971            
342.97426  85.800105            
343.97419  100.88348            
344.97411  100.56473            
345.97404  115.09416            
346.97396  114.81001            
347.97389  107.14044            
348.97381  119.24691            
349.97374  138.36911            
350.97366  151.21202            
351.97359  155.40841            
352.97351  154.40879            
353.97344  149.50709            
354.97336  149.01563            
355.97329  153.7964            
356.97321  164.0764            
357.97314  174.10042            
358.97306  180.96071            
359.97299  184.83739            
360.97291  180.77101            
361.97284  178.78559            
362.97276  186.89716            
363.97269  198.76448            
364.97261  216.24242            
365.97254  217.88045            
366.97246  215.42052            
367.97239  214.30243            
368.97231  219.79546            
369.97224  210.00478            
370.97216  206.46501            
371.97209  226.1481            
372.97201  221.81712            
373.97194  224.65731            
374.97186  221.92836            
375.97179  211.41363            
376.97171  215.0412            
377.97164  202.27258            
378.97156  210.93448            
379.97149  211.00124            
380.97141  205.93113            
381.97134  195.78232            
382.97126  183.95            
383.97119  177.76638            
384.97111  176.89342            
385.97104  174.56673            
386.97096  168.34009            
387.97089  160.16947            
388.97081  150.09039            
389.97074  140.59032            
390.97066  135.32692            
391.97059  133.56178            
392.97051  128.01703            
393.97044  120.85934            
394.97036  109.5154            
395.97029  98.592068            
396.97021  94.291448            
397.97014  89.152483            
398.97006  84.716577            
399.96999  76.844318            
400.96991  67.957546            
401.96984  59.385751            
402.96976  52.973231            
403.96969  49.856567            
404.96961  47.54743            
405.96954  41.682379            
406.96946  34.041168            
407.96939  28.87882            
408.96931  24.00448            
409.96924  22.287287            
410.96916  19.771735            
411.96909  17.052417            
412.96901  13.539302            
413.96894  10.931421            
414.96886  10.805485            
415.96879  10.541113            
416.96871  10.816043            
417.96864  10.553883            
418.96856  11.199946            
419.96849  12.939896            
420.96841  16.454164            
421.96834  18.577328            
422.96826  21.075587            
423.96819  24.321844            
424.96811  29.822247            
425.96804  35.696903            
426.96796  42.32834            
427.96789  46.980834            
428.96781  50.336828            
429.96774  57.725634            
430.96766  65.944538            
431.96759  77.115786            
432.96751  84.68632            
433.96744  88.705968            
434.96736  94.018233            
435.96729  107.42793            
436.96721  119.44145            
437.96714  131.85592            
438.96706  139.28437            
439.96699  143.41153            
440.96691  154.02435            
441.96684  167.28163            
442.96676  178.86406            
443.96669  186.96893            
444.96661  195.7572            
445.96653  206.32767            
446.96646  220.17535            
447.96638  234.20489            
448.96631  246.65984            
449.96623  249.86835            
450.96616  254.37369            
451.96608  263.29547            
452.96601  276.84078            
453.96593  287.08474            
454.96586  291.76895            
455.96578  294.42033            
456.96571  303.37628            
457.96563  317.9077            
458.96556  323.39231            
459.96548  324.08351            
460.96541  319.42247            
461.96533  321.77728            
462.96526  329.50882            
463.96518  333.24246            
464.96511  333.38831            
465.96503  329.76724            
466.96496  327.78408            
467.96488  329.15275            
468.96481  332.70352            
469.96473  327.0152            
470.96466  320.11222            
471.96458  316.83449            
472.96451  314.01955            
473.96443  311.67677            
474.96436  311.82353            
475.96428  300.45734            
476.96421  287.97664            
477.96413  281.28044            
478.96406  274.61518            
479.96398  270.74513            
480.96391  262.78871            
481.96383  250.14664            
482.96376  242.8775            
483.96368  233.07225            
484.96361  225.87921            
485.96353  214.35932            
486.96346  200.17113            
487.96338  188.46458            
488.96331  179.63437            
489.96323  167.74213            
490.96316  154.58717            
491.96308  141.08111            
492.96301  129.01113            
493.96293  119.75962            
494.96286  110.13909            
495.96278  98.018022            
496.96271  85.642737            
497.96263  76.998581            
498.96256  67.346454            
499.96248  57.689662            
500.96241  48.426716            
501.96233  40.432004            
502.96226  33.075324            
503.96218  27.434202            
504.96211  21.401913            
505.96203  17.492874            
506.96196  14.004086            
507.96188  11.133358            
508.96181  9.1364202            
509.96173  8.2150663            
510.96166  7.930021            
511.96158  9.2627215            
512.96151  11.565703            
513.96143  13.881945            
514.96136  18.233477            
515.96128  24.991111            
516.96121  29.556792            
517.96113  36.886364            
518.96106  45.164839            
519.96098  55.32736            
520.96091  63.819708            
521.96083  75.005248            
522.96076  85.540866            
523.96068  100.17821            
524.96061  114.06289            
525.96053  131.94            
526.96046  143.81479            
527.96038  160.217            
528.96031  184.37096            
529.96023  203.08943            
530.96016  214.05726            
531.96008  230.94504            
532.96001  253.19959            
533.95993  276.88567            
534.95986  293.00794            
535.95978  307.27599            
536.95971  332.4567            
537.95963  355.54271            
538.95956  374.91284            
539.95948  394.03501            
540.95941  420.59038            
541.95933  445.58793            
542.95926  460.41424            
543.95918  479.18346            
544.95911  493.31709            
545.95903  520.80253            
546.95896  529.42117            
547.95888  543.73086            
548.95881  560.58841            
549.95873  581.27308            
550.95866  587.5869            
551.95858  603.73165            
552.95851  609.15132            
553.95843  616.39526            
554.95836  631.01773            
555.95828  637.93265            
556.95821  640.17801            
557.95813  645.61327            
558.95806  649.54319            
559.95798  651.69824            
560.95791  644.33039            
561.95783  643.45314            
562.95776  638.99175            
563.95768  636.87489            
564.95761  625.76989            
565.95753  616.80595            
566.95746  618.24188            
567.95738  608.63859            
568.95731  590.88829            
569.95723  575.67885            
570.95716  564.68426            
571.95708  551.03373            
572.95701  537.8819            
573.95693  519.57288            
574.95686  492.83222            
575.95678  481.03638            
576.95671  469.71856            
577.95663  450.68323            
578.95656  420.99807            
579.95648  399.19097            
580.95641  384.06574            
581.95633  361.29463            
582.95626  332.44509            
583.95618  309.9581            
584.95611  289.07407            
585.95603  268.06204            
586.95596  241.9602            
587.95588  219.68653            
588.95581  201.98709            
589.95573  179.91232            
590.95566  158.70772            
591.95558  136.03128            
592.95551  118.29665            
593.95543  102.10993            
594.95535  84.847446            
595.95528  69.346293            
596.9552  55.95115            
597.95513  44.095243            
598.95505  32.737426            
599.95498  23.842664            
600.9549  16.261532            
601.95483  12.884612            
602.95475  9.3729427            
603.95468  8.1187            
604.9546  9.3044387            
605.95453  12.066869            
606.95445  17.721775            
607.95438  26.713572            
608.9543  38.694999            
609.95423  48.880975            
610.95415  64.795995            
611.95408  85.654196            
612.954  102.17784            
613.95393  125.47194            
614.95385  148.05933            
615.95378  177.5882            
616.9537  217.27619            
617.95363  243.20473            
618.95355  274.74669            
619.95348  309.0693            
620.9534  345.36724            
621.95333  383.66146            
622.95325  429.83126            
623.95318  484.02162            
624.9531  520.27917            
625.95303  572.38758            
626.95295  611.82342            
627.95288  664.34352            
628.9528  721.99771            
629.95273  776.35172            
630.95265  830.13827            
631.95258  862.57348            
632.9525  923.23383            
633.95243  989.92859            
634.95235  1011.8088            
635.95228  1021.7716            
636.9522  1022            
637.95213  1022            
638.95205  1022            
639.95198  1022            
640.9519  1022            
641.95183  1022            
642.95175  1022            
643.95168  1022            
644.9516  1022            
645.95153  1022            
646.95145  1022            
647.95138  1022            
648.9513  1022            
649.95123  1022            
650.95115  1022            
651.95108  1022            
652.951  1022            
653.95093  1022            
654.95085  1022            
655.95078  1022            
656.9507  1022            
657.95063  1022            
658.95055  1022            
659.95048  1022            
660.9504  1022            
661.95033  1022            
662.95025  1022            
663.95018  1022            
664.9501  1022            
665.95003  1022            
666.94995  1022            
667.94988  1022            
668.9498  1022            
669.94973  1022            
670.94965  1022            
671.94958  1022            
672.9495  1022            
673.94943  1022            
674.94935  1022            
675.94928  1021.8615            
676.9492  1016.3334            
677.94913  984.58359            
678.94905  920.0303            
679.94898  854.86588            
680.9489  794.78136            
681.94883  720.51014            
682.94875  652.74127            
683.94868  580.61962            
684.9486  509.30756            
685.94853  457.05172            
686.94845  393.73149            
687.94838  334.91677            
688.9483  283.66678            
689.94823  232.38125            
690.94815  183.30211            
691.94808  140.95846            
692.948  105.99421            
693.94793  75.637151            
694.94785  53.192248            
695.94778  35.040304            
696.9477  25.29435            
697.94763  23.935273            
698.94755  30.987983            
699.94748  47.125892            
700.9474  70.850855            
701.94733  106.9795            
702.94725  155.11051            
703.94718  207.23598            
704.9471  273.70873            
705.94703  364.58797            
706.94695  453.59053            
707.94688  554.99508            
708.9468  687.55645            
709.94673  813.2969            
710.94665  945.91537            
711.94658  1021.7499            
712.9465  1022            
713.94643  1022            
714.94635  1022            
715.94628  1022            
716.9462  1022            
717.94613  1022            
718.94605  1022            
719.94598  1022            
720.9459  1022            
721.94583  1022            
722.94575  1022            
723.94568  1022            
724.9456  1022            
725.94553  1022            
726.94545  1022            
727.94538  1022            
728.9453  1022            
729.94523  1022            
730.94515  1022            
731.94508  1022            
732.945  1022            
733.94493  1022            
734.94485  1022            
735.94478  1022            
736.9447  1022            
737.94463  1022            
738.94455  1022            
739.94448  1022            
740.9444  1022            
741.94433  1022            
742.94425  1022            
743.94417  1022            
744.9441  1022            
745.94402  1022            
746.94395  1022            
747.94387  1022            
748.9438  1022            
749.94372  1022            
750.94365  1022            
751.94357  1022            
752.9435  1022            
753.94342  1022            
754.94335  1022            
755.94327  1022            
756.9432  1022            
757.94312  1022            
758.94305  1022            
759.94297  1022            
760.9429  1022            
761.94282  1022            
762.94275  1022            
763.94267  1022            
764.9426  1022            
765.94252  1022            
766.94245  1022            
767.94237  1022            
768.9423  1022            
769.94222  1022            
770.94215  1022            
771.94207  1022            
772.942  1022            
773.94192  1022            
774.94185  1022            
775.94177  1022            
776.9417  1022            
777.94162  1022            
778.94155  1022            
779.94147  1022            
780.9414  1022            
781.94132  1022            
782.94125  1022            
783.94117  1022            
784.9411  1022            
785.94102  1022            
786.94095  1022            
787.94087  1022            
788.9408  1022            
789.94072  1022            
790.94065  1022            
791.94057  1022            
792.9405  1022            
793.94042  1022            
794.94035  1022            
795.94027  1022            
796.9402  1022            
797.94012  1022            
798.94005  1022            
799.93997  1022            
800.9399  1022            
801.93982  1022            
802.93975  1022            
803.93967  1022            
804.9396  1022            
805.93952  1022            
806.93945  1022            
807.93937  1022            
808.9393  1022            
809.93922  1022            
810.93915  1022            
811.93907  1022            
812.939  1022            
813.93892  1022            
814.93885  1022            
815.93877  1022            
816.9387  1022            
817.93862  1022            
818.93855  1022            
819.93847  1022            
820.9384  1022            
821.93832  1022            
822.93825  1022            
823.93817  1022            
824.9381  1022            
825.93802  1022            
826.93795  1022            
827.93787  1022            
828.9378  1022            
829.93772  1022            
830.93765  1022            
831.93757  1022            
832.9375  1022            
833.93742  1022            
834.93735  1022            
835.93727  1022            
836.9372  1022            
837.93712  1022            
838.93705  1022            
839.93697  1022            
840.9369  1022            
841.93682  1022            
842.93675  1022            
843.93667  1022            
844.9366  1022            
845.93652  1022            
846.93645  1022            
847.93637  1022            
848.9363  1022            
849.93622  1022            
850.93615  1022            
851.93607  1022            
852.936  1022            
853.93592  1022            
854.93585  1022            
855.93577  1022            
856.9357  1022            
857.93562  1022            
858.93555  1022            
859.93547  1022            
860.9354  1022            
861.93532  1022            
862.93525  1022            
863.93517  1022            
864.9351  1022            
865.93502  1022            
866.93495  1022            
867.93487  1022            
868.9348  1022            
869.93472  1022            
870.93465  1022            
871.93457  1016.9537            
872.9345  972.60399            
873.93442  848.21885            
874.93435  716.07418            
875.93427  608.32585            
876.9342  498.12575            
877.93412  405.07466            
878.93405  328.23611            
879.93397  255.57434            
880.9339  202.69305            
881.93382  151.44884            
882.93375  119.80842            
883.93367  92.884851            
884.9336  77.30666            
885.93352  67.394209            
886.93345  67.399102            
887.93337  73.963901            
888.9333  87.328288            
889.93322  107.05478            
890.93315  134.15306            
891.93307  166.0665            
892.93299  199.83312            
893.93292  242.79949            
894.93284  290.40618            
895.93277  335.86095            
896.93269  386.96683            
897.93262  450.20664            
898.93254  508.69821            
899.93247  559.94886            
900.93239  615.52111            
901.93232  675.32337            
902.93224  738.08027            
903.93217  803.39593            
904.93209  864.41952            
905.93202  930.76592            
906.93194  982.35949            
907.93187  1022            
908.93179  1022            
909.93172  1022            
910.93164  1022            
911.93157  1022            
912.93149  1022            
913.93142  1022            
914.93134  1022            
915.93127  1022            
916.93119  1022            
917.93112  1022            
918.93104  1022            
919.93097  1022            
920.93089  1022            
921.93082  1022            
922.93074  1022            
923.93067  1022            
924.93059  1022            
925.93052  1022            
926.93044  1022            
927.93037  1022            
928.93029  1022            
929.93022  1022            
930.93014  1022            
931.93007  1022            
932.92999  1022            
933.92992  1022            
934.92984  1022            
935.92977  1022            
936.92969  1022            
937.92962  1022            
938.92954  1022            
939.92947  1022            
940.92939  1022            
941.92932  1022            
942.92924  1022            
943.92917  1022            
944.92909  1022            
945.92902  1020.9898            
946.92894  1008.3333            
947.92887  969.13112            
948.92879  938.44088            
949.92872  888.27693            
950.92864  840.73323            
951.92857  797.18171            
952.92849  748.99673            
953.92842  700.55982            
954.92834  651.35254            
955.92827  612.43592            
956.92819  566.04291            
957.92812  525.29319            
958.92804  485.42426            
959.92797  441.91489            
960.92789  401.33445            
961.92782  366.84787            
962.92774  329.52552            
963.92767  295.26678            
964.92759  259.85157            
965.92752  230.60953            
966.92744  201.29424            
967.92737  175.30939            
968.92729  152.30682            
969.92722  131.9773            
970.92714  111.08407            
971.92707  92.98349            
972.92699  77.090017            
973.92692  63.945417            
974.92684  51.987754            
975.92677  43.283387            
976.92669  36.159836            
977.92662  30.723855            
978.92654  27.067521            
979.92647  25.240973            
980.92639  25.345243            
981.92632  26.985408            
982.92624  30.159812            
983.92617  36.022938            
984.92609  43.257297            
985.92602  51.6101            
986.92594  60.761362            
987.92587  70.91437            
988.92579  83.379216            
989.92572  98.915978            
990.92564  113.41595            
991.92557  130.99566            
992.92549  146.38132            
993.92542  163.88159            
994.92534  182.48565            
995.92527  201.90079            
996.92519  221.7184            
997.92512  240.42339            
998.92504  262.66626            
999.92497  282.63646            
1000.9249  302.09412            
1001.9248  320.11349            
1002.9247  339.50987            
1003.9247  362.94223            
1004.9246  381.8519            
1005.9245  399.97479            
1006.9244  415.64828            
1007.9244  432.74698            
1008.9243  449.01903            
1009.9242  462.9676            
1010.9241  472.86455            
1011.9241  485.30077            
1012.924  496.07545            
1013.9239  508.88309            
1014.9238  520.24503            
1015.9238  527.59513            
1016.9237  535.44364            
1017.9236  538.94558            
1018.9235  545.27516            
1019.9235  548.43579            
1020.9234  545.3037            
1021.9233  550.25499            
1022.9232  551.18542            
1023.9232  547.11948            
1024.9231  543.40933            
1025.923  539.36241            
1026.9229  538.15712            
1027.9229  531.62309            
1028.9228  526.05562            
1029.9227  517.08844            
1030.9226  506.16921            
1031.9226  504.26618            
1032.9225  494.16936            
1033.9224  484.34367            
1034.9223  473.62344            
1035.9223  460.7685            
1036.9222  449.79596            
1037.9221  442.76767            
1038.922  425.7146            
1039.922  412.60283            
1040.9219  398.72862            
1041.9218  382.42262            
1042.9217  370.00162            
1043.9217  351.16082            
1044.9216  338.29771            
1045.9215  324.08532            
1046.9214  307.83493            
1047.9214  291.58179            
1048.9213  276.71454            
1049.9212  256.39635            
1050.9211  242.73462            
1051.9211  229.32245            
1052.921  211.30967            
1053.9209  196.95772            
1054.9208  181.37676            
1055.9208  167.21831            
1056.9207  152.94237            
1057.9206  140.25974            
1058.9205  125.45978            
1059.9205  112.46168            
1060.9204  102.95222            
1061.9203  91.571098            
1062.9202  79.395213            
1063.9202  70.526487            
1064.9201  62.698196            
1065.92  55.68941            
1066.9199  48.290996            
1067.9199  40.061309            
1068.9198  35.245777            
1069.9197  31.429299            
1070.9196  28.228647            
1071.9196  24.219028            
1072.9195  20.988337            
1073.9194  20.977987            
1074.9193  20.963567            
1075.9193  20.960345            
1076.9192  21.145051            
1077.9191  22.332429            
1078.919  25.102713            
1079.919  30.469673            
1080.9189  33.469111            
1081.9188  36.640393            
1082.9187  41.42835            
1083.9187  48.385982            
1084.9186  52.525394            
1085.9185  60.800805            
1086.9184  67.383602            
1087.9184  76.530789            
1088.9183  85.828629            
1089.9182  92.41171            
1090.9181  98.345735            
1091.9181  109.06789            
1092.918  123.11013            
1093.9179  136.00746            
1094.9178  140.88191            
1095.9178  146.3034            
1096.9177  158.17269            
1097.9176  169.684            
1098.9175  180.14026            
1099.9175  183.26783            
1100.9174  192.16025            
1101.9173  201.83361            
1102.9172  214.01088            
1103.9172  222.13192            
1104.9171  223.51819            
1105.917  227.84912            
1106.9169  234.43879            
1107.9169  243.00971            
1108.9168  248.72645            
1109.9167  249.37517            
1110.9166  247.75866            
1111.9166  254.44308            
1112.9165  260.07076            
1113.9164  263.58513            
1114.9163  263.63584            
1115.9163  258.74631            
1116.9162  263.89338            
1117.9161  271.27425            
1118.916  273.23515            
1119.916  270.99313            
1120.9159  263.56614            
1121.9158  262.00418            
1122.9157  264.96312            
1123.9157  269.34639            
1124.9156  263.35658            
1125.9155  257.26104            
1126.9154  253.12159            
1127.9154  254.42809            
1128.9153  251.77529            
1129.9152  250.29632            
1130.9151  240.09442            
1131.9151  230.34072            
1132.915  225.91835            
1133.9149  225.08077            
1134.9148  221.07919            
1135.9148  210.26563            
1136.9147  200.88977            
1137.9146  194.78948            
1138.9145  194.09451            
1139.9145  185.19814            
1140.9144  171.85118            
1141.9143  160.96573            
1142.9142  150.97533            
1143.9142  142.66458            
1144.9141  137.68202            
1145.914  131.9493            
1146.9139  119.29251            
1147.9139  108.54748            
1148.9138  99.895459            
1149.9137  95.021835            
1150.9136  89.748786            
1151.9136  80.130294            
1152.9135  71.259121            
1153.9134  62.709121            
1154.9133  59.536891            
1155.9133  55.374295            
1156.9132  49.867779            
1157.9131  44.628662            
1158.913  38.713428            
1159.913  34.634175            
1160.9129  32.940709            
1161.9128  31.276605            
1162.9127  27.424695            
1163.9127  22.832927            
1164.9126  20.37777            
1165.9125  19.706277            
1166.9124  20.042487            
1167.9124  18.691533            
1168.9123  17.988083            
1169.9122  16.498825            
1170.9121  16.678913            
1171.9121  18.48511            
1172.912  19.620542            
1173.9119  21.090434            
1174.9118  21.560505            
1175.9118  23.247418            
1176.9117  25.913711            
1177.9116  29.358458            
1178.9115  32.371511            
1179.9115  34.362025            
1180.9114  36.261364            
1181.9113  38.691156            
1182.9112  44.890949            
1183.9112  49.832602            
1184.9111  54.285103            
1185.911  57.342312            
1186.9109  60.416531            
1187.9109  66.623459            
1188.9108  70.101914            
1189.9107  76.7248            
1190.9106  83.278676            
1191.9106  86.163966            
1192.9105  89.779061            
1193.9104  93.569167            
1194.9103  100.40882            
1195.9103  109.44596            
1196.9102  113.84065            
1197.9101  115.92494            
1198.91  118.56784            
1199.91  120.42114            
1200.9099  127.08047            
1201.9098  131.80385            
1202.9097  135.46995            
1203.9097  137.23458            
1204.9096  137.90208            
1205.9095  137.73106            
1206.9094  139.51148            
1207.9094  145.48352            
1208.9093  146.74116            
1209.9092  147.8911            
1210.9091  149.13169            
1211.9091  146.94444            
1212.909  144.77927            
1213.9089  144.77768            
1214.9088  144.14472            
1215.9088  146.10429            
1216.9087  145.24316            
1217.9086  144.1255            
1218.9085  138.69958            
1219.9085  136.54394            
1220.9084  137.09693            
1221.9083  137.55442            
1222.9082  135.53823            
1223.9082  136.05199            
1224.9081  129.62424            
1225.908  126.88756            
1226.9079  123.0569            
1227.9079  120.33823            
1228.9078  120.13443            
1229.9077  119.179            
1230.9076  116.18556            
1231.9076  111.84218            
1232.9075  106.22404            
1233.9074  101.37497            
1234.9073  96.871657            
1235.9073  93.380306            
1236.9072  91.119877            
1237.9071  86.42069            
1238.907  80.652389            
1239.907  75.409377            
1240.9069  67.858906            
1241.9068  62.905137            
1242.9067  59.951057            
1243.9067  55.977458            
1244.9066  51.056238            
1245.9065  48.549384            
1246.9064  43.413576            
1247.9064  39.827799            
1248.9063  34.398297            
1249.9062  32.496954            
1250.9061  30.861455            
1251.9061  28.37777            
1252.906  26.370928            
1253.9059  24.364085            
1254.9058  22.357243            
1255.9058  20.325107            
1256.9057  18.31004            
1257.9056  17.029317            
1258.9055  16.282016            
1259.9055  15.021894            
1260.9054  15.016711            
1261.9053  14.47649            
1262.9052  13.928194            
1263.9052  13.004101            
1264.9051  12.728637            
1265.905  13.726227            
1266.9049  14.544553            
1267.9049  14.721406            
1268.9048  15.718995            
1269.9047  16.812823            
1270.9046  18.249397            
1271.9046  19.411762            
1272.9045  21.284585            
1273.9044  23.110742            
1274.9043  25.892425            
1275.9043  28.284931            
1276.9042  31.920652            
1277.9041  34.091906            
1278.904  37.176793            
1279.904  40.50001            
1280.9039  43.070212            
1281.9038  46.150326            
1282.9037  49.463371            
1283.9037  52.144671            
1284.9036  55.273296            
1285.9035  56.945672            
1286.9034  59.520527            
1287.9034  62.330243            
1288.9033  64.415621            
1289.9032  67.07406            
1290.9031  70.372885            
1291.9031  72.763181            
1292.903  74.596765            
1293.9029  75.847505            
1294.9028  78.052523            
1295.9028  79.308049            
1296.9027  81.354877            
1297.9026  81.883886            
1298.9025  85.068658            
1299.9025  86.501879            
1300.9024  88.378556            
1301.9023  91.143645            
1302.9022  92.814488            
1303.9022  92.585139            
1304.9021  92.544009            
1305.902  94.175064            
1306.9019  93.999759            
1307.9019  93.147544            
1308.9018  93.091285            
1309.9017  94.666027            
1310.9016  93.465532            
1311.9016  95.02216            
1312.9015  94.043298            
1313.9014  92.997978            
1314.9013  91.449133            
1315.9013  91.26102            
1316.9012  87.757701            
1317.9011  87.803826            
1318.901  86.187753            
1319.901  82.276679            
1320.9009  81.239516            
1321.9008  81.31601            
1322.9007  78.338757            
1323.9007  77.152793            
1324.9006  74.715288            
1325.9005  73.871433            
1326.9004  71.793949            
1327.9004  69.176649            
1328.9003  65.606699            
1329.9002  62.236391            
1330.9001  59.479788            
1331.9001  58.228556            
1332.9  54.282151            
1333.8999  52.351595            
1334.8998  49.302618            
1335.8998  48.043614            
1336.8997  47.177436            
1337.8996  44.994518            
1338.8995  42.093683            
1339.8995  39.840608            
1340.8994  38.031761            
1341.8993  35.655725            
1342.8992  34.278154            
1343.8992  31.63823            
1344.8991  29.088825            
1345.899  26.903285            
1346.8989  24.3698            
1347.8989  22.303782            
1348.8988  20.06858            
1349.8987  18.356271            
1350.8986  16.524493            
1351.8986  15.400332            
1352.8985  13.886781            
1353.8984  13.282686            
1354.8983  13.058499            
1355.8983  13.278878            
1356.8982  13.172265            
1357.8981  14.057215            
1358.898  14.617382            
1359.898  16.056361            
1360.8979  16.61326            
1361.8978  18.343752            
1362.8977  20.171798            
1363.8977  21.343441            
1364.8976  23            
1365.8975  23.171565            
1366.8974  24.342975            
1367.8974  26.17141            
1368.8973  27.105069            
1369.8972  27.84687            
1370.8971  28.9322            
1371.8971  28.650519            
1372.897  28.841039            
1373.8969  28.710445            
1374.8968  29.050898            
1375.8968  27.82131            
1376.8967  27.356059            
1377.8966  26.212474            
1378.8965  25.753259            
1379.8965  24.940012            
1380.8964  23.108234            
1381.8963  22.029778            
1382.8962  20.852223            
1383.8962  20.705892            
1384.8961  19.269303            
1385.896  18.92695            
1386.8959  17.219667            
1387.8959  16.830145            
1388.8958  16            
1389.8957  15.704323            
1390.8956  14.128991            
1391.8956  13.293514            
1392.8955  12.293117            
1393.8954  12.412497            
1394.8953  11.872336            
1395.8953  11.243644            
1396.8952  11.200492            
1397.8951  10.871329            
1398.895  10.196653            
1399.895  9.9102395            
1400.8949  9.4247924            
1401.8948  9.190891            
1402.8947  8.8696571            
1403.8947  8.2249825            
1404.8946  8.2226499            
1405.8945  8.3516587            
1406.8944  8.8683264            
1407.8944  8.1793578            
1408.8943  8            
1409.8942  8            
1410.8941  8            
1411.8941  7.8666711            
1412.894  7.1697369            
1413.8939  7            
1414.8938  7            
1415.8938  7.0330309            
1416.8937  7.1620336            
1417.8936  7            
1418.8935  7            
1419.8935  6.8640416            
1420.8934  6.3216132            
1421.8933  6.8327891            
1422.8932  6.0301947            
1423.8932  6.1485389            
1424.8931  6            
1425.893  6            
1426.8929  6.028582            
1427.8929  6.1408196            
1428.8928  6            
