  Hz	 Vrms	dBV	deg
1000.0	0.022	-33.299
1100.0	0.024	-32.318
1200.0	0.027	-31.466
1300.0	0.029	-30.659
1400.0	0.032	-29.811
1500.0	0.035	-29.018
1600.0	0.038	-28.315
1700.0	0.042	-27.573
1800.0	0.045	-26.846
1900.0	0.049	-26.164
2000.0	0.054	-25.420
2100.0	0.058	-24.741
2200.0	0.063	-24.073
2300.0	0.068	-23.334
2400.0	0.073	-22.704
2500.0	0.080	-21.903
2600.0	0.087	-21.185
2700.0	0.095	-20.452
2800.0	0.105	-19.599
2900.0	0.115	-18.814
3000.0	0.126	-17.992
3100.0	0.139	-17.124
3200.0	0.157	-16.083
3300.0	0.174	-15.197
3400.0	0.191	-14.366
3500.0	0.209	-13.576
3600.0	0.228	-12.852
3700.0	0.242	-12.331
3800.0	0.252	-11.988
3900.0	0.254	-11.897
4000.0	0.251	-12.008
4100.0	0.241	-12.360
4200.0	0.229	-12.791
4300.0	0.217	-13.284
4400.0	0.203	-13.859
4500.0	0.190	-14.418
4600.0	0.178	-15.014
4700.0	0.167	-15.535
4800.0	0.156	-16.124
4900.0	0.148	-16.621
5000.0	0.139	-17.158
5100.0	0.132	-17.615
5200.0	0.124	-18.129
5300.0	0.119	-18.472
5400.0	0.113	-18.947
5500.0	0.108	-19.353
5600.0	0.103	-19.723
5700.0	0.098	-20.164
5800.0	0.095	-20.432
5900.0	0.092	-20.757
6000.0	0.089	-20.999
6100.0	0.085	-21.391
6200.0	0.083	-21.663
6300.0	0.080	-21.957
6400.0	0.077	-22.313
6500.0	0.074	-22.610
6600.0	0.072	-22.884
6700.0	0.070	-23.062
6800.0	0.069	-23.269
6900.0	0.066	-23.610
7000.0	0.065	-23.791
7100.0	0.063	-24.020
7200.0	0.062	-24.150
7300.0	0.060	-24.385
7400.0	0.058	-24.773
7500.0	0.056	-25.000
7600.0	0.055	-25.153
7700.0	0.054	-25.315
7800.0	0.053	-25.435
7900.0	0.052	-25.638
8000.0	0.051	-25.809
8100.0	0.050	-25.981
8200.0	0.049	-26.200
8300.0	0.048	-26.313
8400.0	0.047	-26.480
8500.0	0.047	-26.640
8600.0	0.046	-26.816
8700.0	0.045	-26.888
8800.0	0.044	-27.089
8900.0	0.043	-27.231
9000.0	0.043	-27.369
9100.0	0.042	-27.478
9200.0	0.042	-27.639
9300.0	0.041	-27.753
9400.0	0.040	-27.895
9500.0	0.040	-28.064
9600.0	0.039	-28.187
9700.0	0.039	-28.291
9800.0	0.038	-28.417
9900.0	0.037	-28.586
10000.0	0.037	-28.692
  Hz	 Vrms	dBV	deg
1000.0	0.021	-33.556
1100.0	0.026	-31.773
1200.0	0.031	-30.124
1300.0	0.037	-28.640
1400.0	0.044	-27.140
1500.0	0.051	-25.785
1600.0	0.060	-24.472
1700.0	0.069	-23.266
1800.0	0.079	-22.062
1900.0	0.090	-20.890
2000.0	0.103	-19.765
2100.0	0.117	-18.633
2200.0	0.134	-17.488
2300.0	0.154	-16.239
2400.0	0.175	-15.159
2500.0	0.198	-14.063
2600.0	0.225	-12.974
2700.0	0.254	-11.900
2800.0	0.290	-10.739
2900.0	0.330	-9.620
3000.0	0.378	-8.456
3100.0	0.430	-7.332
3200.0	0.480	-6.399
3300.0	0.550	-5.211
3400.0	0.627	-4.074
3500.0	0.708	-3.014
3600.0	0.791	-2.060
3700.0	0.864	-1.295
3800.0	0.922	-0.727
3900.0	0.960	-0.375
4000.0	0.965	-0.330
4100.0	0.956	-0.411
4200.0	0.928	-0.672
4300.0	0.892	-1.012
4400.0	0.856	-1.367
4500.0	0.817	-1.778
4600.0	0.782	-2.158
4700.0	0.747	-2.550
4800.0	0.715	-2.938
4900.0	0.686	-3.293
5000.0	0.661	-3.623
5100.0	0.635	-3.959
5200.0	0.615	-4.249
5300.0	0.590	-4.606
5400.0	0.575	-4.823
5500.0	0.561	-5.047
5600.0	0.547	-5.262
5700.0	0.535	-5.449
5800.0	0.521	-5.677
5900.0	0.509	-5.888
6000.0	0.497	-6.089
6100.0	0.489	-6.236
6200.0	0.480	-6.397
6300.0	0.471	-6.554
6400.0	0.465	-6.680
6500.0	0.460	-6.760
6600.0	0.451	-6.932
6700.0	0.446	-7.037
6800.0	0.440	-7.161
6900.0	0.431	-7.323
7000.0	0.429	-7.376
7100.0	0.423	-7.489
7200.0	0.422	-7.518
7300.0	0.415	-7.665
7400.0	0.411	-7.738
7500.0	0.409	-7.785
7600.0	0.404	-7.901
7700.0	0.398	-8.026
7800.0	0.396	-8.072
7900.0	0.393	-8.127
8000.0	0.390	-8.203
8100.0	0.385	-8.309
8200.0	0.384	-8.336
8300.0	0.381	-8.405
8400.0	0.379	-8.454
8500.0	0.377	-8.503
8600.0	0.374	-8.564
8700.0	0.374	-8.558
8800.0	0.371	-8.630
8900.0	0.370	-8.655
9000.0	0.370	-8.662
9100.0	0.367	-8.734
9200.0	0.365	-8.764
9300.0	0.365	-8.777
9400.0	0.363	-8.833
9500.0	0.360	-8.896
9600.0	0.358	-8.935
9700.0	0.358	-8.939
9800.0	0.356	-8.991
9900.0	0.354	-9.042
10000.0	0.355	-9.027
  Hz	 Vrms	dBV	deg
1000.0	0.318	-9.964
1100.0	0.322	-9.859
1200.0	0.326	-9.744
1300.0	0.335	-9.526
1400.0	0.340	-9.387
1500.0	0.347	-9.219
1600.0	0.355	-9.024
1700.0	0.362	-8.837
1800.0	0.370	-8.649
1900.0	0.381	-8.403
2000.0	0.391	-8.184
2100.0	0.406	-7.860
2200.0	0.421	-7.533
2300.0	0.437	-7.220
2400.0	0.453	-6.900
2500.0	0.475	-6.494
2600.0	0.498	-6.084
2700.0	0.522	-5.663
2800.0	0.554	-5.152
2900.0	0.586	-4.669
3000.0	0.624	-4.121
3100.0	0.664	-3.579
3200.0	0.711	-2.988
3300.0	0.761	-2.388
3400.0	0.814	-1.810
3500.0	0.871	-1.219
3600.0	0.919	-0.755
3700.0	0.949	-0.472
3800.0	0.963	-0.344
3900.0	0.953	-0.437
4000.0	0.913	-0.810
4100.0	0.863	-1.300
4200.0	0.803	-1.922
4300.0	0.742	-2.614
4400.0	0.681	-3.354
4500.0	0.624	-4.124
4600.0	0.570	-4.900
4700.0	0.524	-5.635
4800.0	0.482	-6.363
4900.0	0.446	-7.027
5000.0	0.412	-7.730
5100.0	0.383	-8.365
5200.0	0.355	-9.004
5300.0	0.330	-9.662
5400.0	0.309	-10.233
5500.0	0.289	-10.816
5600.0	0.270	-11.400
5700.0	0.256	-11.842
5800.0	0.243	-12.291
5900.0	0.228	-12.845
6000.0	0.214	-13.402
6100.0	0.205	-13.779
6200.0	0.203	-13.863
6300.0	0.194	-14.236
6400.0	0.184	-14.707
6500.0	0.177	-15.045
6600.0	0.170	-15.410
6700.0	0.161	-15.845
6800.0	0.154	-16.274
6900.0	0.147	-16.632
7000.0	0.143	-16.902
7100.0	0.137	-17.282
7200.0	0.131	-17.672
7300.0	0.126	-17.961
7400.0	0.123	-18.219
7500.0	0.119	-18.491
7600.0	0.114	-18.848
7700.0	0.111	-19.124
7800.0	0.106	-19.520
7900.0	0.103	-19.766
8000.0	0.099	-20.057
8100.0	0.096	-20.329
8200.0	0.094	-20.564
8300.0	0.091	-20.818
8400.0	0.089	-20.996
8500.0	0.086	-21.321
8600.0	0.083	-21.603
8700.0	0.080	-21.897
8800.0	0.079	-22.075
8900.0	0.076	-22.378
9000.0	0.075	-22.526
9100.0	0.072	-22.862
9200.0	0.070	-23.040
9300.0	0.068	-23.295
9400.0	0.067	-23.456
9500.0	0.065	-23.740
9600.0	0.064	-23.890
9700.0	0.062	-24.104
9800.0	0.061	-24.320
9900.0	0.058	-24.681
10000.0	0.057	-24.893
